k : 3
Overall running time: 0.496s.
diameter : 6



ans.V.size: 
288 15 37 54 60 73 74 91 111 112 122 134 155 156 157 159 174 175 229 240 290 319 327 338 342 347 358 360 365 390 408 410 460 467 485 502 525 553 563 564 565 566 568 581 590 604 610 614 617 661 688 690 692 705 734 743 745 749 755 758 759 765 792 797 798 815 820 824 832 854 874 877 903 906 916 949 958 970 971 986 1000 1003 1036 1041 1042 1078 1104 1124 1146 1147 1150 1155 1170 1190 1206 1210 1230 1239 1244 1249 1282 1283 1285 1288 1293 1306 1338 1340 1385 1390 1413 1445 1472 1481 1493 1500 1510 1547 1551 1553 1563 1569 1575 1605 1611 1621 1624 1625 1647 1671 1709 1710 1711 1712 1713 1715 1716 1718 1719 1720 1721 1722 1723 1724 1725 1727 1728 1730 1731 1732 1733 1735 1736 1737 1738 1739 1740 1743 1744 1745 1746 1747 1749 1750 1751 1752 1753 1754 1755 1756 1757 1758 1759 1761 1762 1763 1764 1766 1767 1779 1781 1785 1786 1789 1790 1890 1892 1987 1999 2040 2043 2080 2108 2114 2131 2252 2253 2292 2320 2383 2391 2392 2597 2598 142 87 104 110 113 125 127 139 140 154 237 245 303 309 330 351 418 427 488 520 543 609 656 657 696 720 774 888 911 959 974 1046 1071 1159 1194 1246 1347 1359 1368 1484 1491 1506 1552 1573 1585 1641 1652 1657 1682 1683 1706 1726 1734 1741 1771 1773 1776 1780 1783 1788 1799 1800 1802 1803 1805 1806 1857 2046 2047 2049 2079 2081 2085 2086 2090 2091 190 1263 2035 307 1013 1073 1337 2089 1798 
15 2035
15 159
37 1506
37 2108
37 1553
37 1147
54 1104
54 1740
54 1359
60 610
60 1359
60 1288
60 581
60 1726
73 1359
73 1104
74 1724
74 1746
74 1752
74 877
74 1190
74 798
74 1359
91 1359
91 157
91 156
111 1263
111 568
112 1170
112 1359
112 1763
112 759
122 1159
122 2252
122 2253
122 590
134 2046
134 1785
134 1624
155 1239
155 365
155 1569
155 1359
155 1340
155 1753
155 1445
155 1754
155 820
155 1755
155 327
156 1737
156 1359
156 157
156 1764
157 1764
157 1359
159 2035
174 688
174 1359
175 1359
175 1743
229 1359
229 1722
240 911
240 888
290 1359
290 1723
319 2046
319 564
327 1755
327 1359
338 1359
338 1500
342 614
342 1359
342 1390
342 1547
347 1359
347 1000
358 1359
358 1155
360 1621
360 390
360 1484
365 971
365 1359
365 820
365 1757
390 705
390 1078
390 1484
390 1744
390 906
408 1682
408 410
408 696
408 1683
410 1682
460 1624
467 971
467 1359
467 1306
467 1739
485 1776
502 1359
502 1766
525 553
525 1359
525 1170
553 1170
553 1359
563 705
563 1736
563 1484
564 2046
564 1338
565 1263
566 688
566 1611
568 1263
581 1743
581 745
581 1766
581 1759
581 1359
590 1159
604 1249
604 2046
610 1042
610 1359
614 1359
617 1359
617 1740
661 1624
688 1711
688 1547
688 1722
688 1726
688 1359
688 1611
690 1359
690 1170
690 1293
690 1722
692 2035
692 2131
705 970
705 1744
705 2114
705 1484
705 1413
734 1683
734 2292
743 1621
743 1744
743 1484
745 1359
745 1155
749 1170
749 1569
749 1146
749 1733
749 1359
749 1104
749 1551
755 1359
755 1484
758 1359
758 1285
759 1763
759 1359
765 1359
765 797
792 2035
792 2131
797 1104
797 1359
798 1359
815 2383
815 1159
820 1359
824 1766
824 1170
824 1359
832 1734
832 1359
854 1763
854 1170
854 1359
874 1359
874 1709
877 1359
903 1285
903 1605
903 1359
906 1621
906 1484
906 1283
916 1741
916 1036
949 1682
949 1683
958 1155
958 1758
958 1359
970 1736
970 1484
970 1744
971 1359
986 1359
986 1150
1000 1359
1003 2035
1036 1741
1041 1766
1041 1170
1041 1359
1042 1244
1042 1359
1078 2114
1078 1484
1104 1749
1104 1359
1104 1285
1104 1761
1104 1481
1104 1719
1104 1124
1124 1359
1146 1170
1146 1359
1147 1506
1150 1359
1155 1715
1155 1743
1155 1716
1155 1359
1170 1720
1170 1738
1170 1721
1170 1732
1170 1715
1170 1359
1170 1735
1190 1359
1206 1359
1206 1762
1210 1738
1210 1359
1230 1359
1230 1385
1230 1750
1239 1359
1244 1359
1249 1652
1249 2046
1282 1747
1282 1749
1282 1359
1283 1736
1283 1484
1285 1605
1285 1359
1288 1359
1293 1359
1306 1359
1338 2046
1340 1754
1340 1359
1390 2598
1413 1736
1413 1484
1413 1744
1472 1647
1493 1766
1563 1766
1569 1730
1575 1987
1624 1783
1624 1773
1624 1779
1624 1781
1624 1785
1624 1776
1625 1780
1625 1788
1625 1786
1625 1789
1710 1740
1710 1739
1712 1766
1712 1731
1712 1732
1713 1726
1715 1728
1718 1732
1720 1766
1721 1766
1722 1762
1724 1725
1732 1756
1735 2598
1737 1764
1740 1751
1740 1767
1743 1759
1743 1750
1744 2114
1745 1766
1746 2597
1751 1767
1751 1766
1753 1755
1756 1766
1785 2046
1890 2035
1890 1892
1890 2040
1890 2131
1892 2131
1892 2035
1987 1999
2040 2043
2252 2253
2391 2392
142 2035
142 1003
87 2035
87 1337
104 140
104 609
104 307
104 1776
104 485
110 1788
110 1780
110 1338
110 154
110 1046
110 1786
110 1806
110 520
110 1999
110 564
110 427
110 1347
110 237
110 2046
110 307
110 460
110 134
110 319
110 1625
110 1773
110 125
110 1790
113 488
113 2081
113 307
125 1368
125 307
127 307
127 237
127 2046
127 2080
127 1552
139 237
139 307
140 1781
140 2046
140 911
140 307
140 1624
140 661
154 307
154 237
154 460
154 2046
154 1624
237 307
237 2047
237 2079
237 1573
237 1073
237 2046
237 2080
245 1359
245 1611
245 566
245 1073
303 1159
303 351
303 307
303 720
309 2046
309 351
330 1799
351 2090
351 1641
351 1624
351 2086
351 2085
351 1779
351 657
351 1783
351 2091
351 1776
418 1073
427 1806
427 488
427 1783
427 1773
427 1790
488 2081
488 1773
488 656
488 1799
488 1783
488 1706
520 1575
520 1347
520 1999
520 1987
520 1671
520 2046
543 1246
609 2081
656 2081
657 2091
696 1013
696 1682
696 949
696 1337
696 1683
696 2320
774 1073
774 1506
888 911
888 1624
911 2086
911 1624
959 1799
959 1073
974 1073
1071 1359
1071 1726
1071 1073
1159 2252
1159 2253
1159 2383
1194 1706
1246 2081
1246 1771
1347 1671
1359 1563
1359 1730
1359 1709
1359 1745
1359 1731
1359 1711
1359 1647
1359 1710
1359 1445
1359 1472
1359 1761
1359 1712
1359 1732
1359 1493
1359 1751
1359 1713
1359 1740
1359 1767
1359 1481
1359 1720
1359 1723
1359 1728
1359 1733
1359 1734
1359 1735
1359 1718
1359 1551
1359 1725
1359 1762
1359 1726
1359 1605
1359 1746
1359 1763
1359 2598
1359 1759
1359 1766
1359 1749
1359 1727
1359 1736
1359 1569
1359 1764
1359 1721
1359 1758
1359 1756
1359 1719
1359 1385
1359 1755
1359 1754
1359 1737
1359 1500
1359 1716
1359 1753
1359 1715
1359 1752
1359 1621
1359 1547
1359 1757
1359 1484
1359 1739
1359 1750
1359 1747
1359 1738
1359 1743
1359 1722
1359 1741
1359 1744
1359 1390
1359 1724
1368 1657
1368 2081
1368 1585
1484 1727
1484 1621
1484 1736
1484 2114
1484 1744
1491 2086
1506 1802
1506 2108
1506 1625
1506 1789
1506 1553
1585 1799
1652 2046
1657 1799
1682 2320
1683 2320
1683 2292
1726 1741
1726 1746
1726 2598
1726 1735
1726 2597
1741 2391
1741 2392
1741 1805
1771 2081
1773 1783
1773 2046
1783 1799
1788 2046
1857 2046
2046 2049
2046 2047
2047 2049
2086 2090
190 1073
190 1263
190 565
190 1510
1263 1510
2035 2131
2035 2043
2035 2040
307 1799
307 1641
307 1246
307 1484
307 1800
307 1046
307 888
307 1194
307 720
307 1652
307 1573
307 2047
307 309
307 1585
307 1773
307 2089
307 351
307 959
307 1798
307 1552
307 2085
307 1771
307 2090
307 1706
307 1776
307 1803
307 656
307 330
307 488
307 1783
307 1857
307 418
307 2046
307 1780
307 911
307 2091
307 2049
307 1788
307 1159
307 974
307 1805
307 1657
307 1806
307 1347
307 2081
307 609
307 1491
307 543
307 2086
307 427
307 2079
307 1368
307 657
307 1073
307 520
1013 1798
1013 1337
1013 1682
1013 1683
1073 1800
1073 1726
1073 1799
1073 1798
1073 1506
1073 1802
1073 1734
1073 1741
1073 1806
1073 1805
1073 1803
1073 1359
1073 1263
1073 1484
1337 1798
1337 2035
1798 2089
