k : 2
Overall running time: 5.926s.
diameter : 6



ans.V.size: 
247 17 31 35 54 60 69 73 74 91 102 111 112 156 157 171 174 175 229 245 247 264 290 297 307 327 334 338 342 347 358 359 360 368 390 467 481 482 490 502 506 525 553 563 566 568 574 581 610 614 617 627 646 685 687 690 705 709 743 745 749 755 758 759 761 765 797 798 826 832 835 854 874 877 883 903 906 920 930 970 971 979 986 1000 1034 1039 1041 1042 1071 1073 1078 1104 1124 1137 1146 1150 1155 1170 1172 1176 1190 1206 1210 1215 1230 1239 1244 1250 1251 1252 1263 1282 1283 1285 1288 1293 1306 1307 1340 1385 1413 1434 1445 1472 1481 1493 1500 1514 1517 1521 1547 1563 1566 1569 1587 1590 1600 1605 1611 1621 1647 1709 1710 1711 1712 1713 1714 1715 1716 1717 1718 1719 1720 1721 1722 1723 1724 1725 1727 1728 1729 1730 1731 1732 1733 1734 1736 1737 1738 1739 1741 1742 1743 1744 1745 1747 1748 1749 1750 1751 1752 1753 1754 1755 1756 1758 1759 1760 1761 1762 1763 1764 1765 1767 1780 1802 1834 1835 1887 2114 2168 2170 2209 2373 2452 2493 2526 2597 2598 2686 916 1390 1726 1735 2508 155 291 365 688 733 753 824 958 1036 1149 1318 1484 1487 1551 1558 1607 1633 1686 1740 1746 1766 2084 2169 2221 2222 2360 2643 329 651 1359 820 952 1757 
17 1633
17 2643
17 971
31 1359
35 1359
54 1104
54 1740
54 1359
60 610
60 1359
60 1288
60 581
60 1726
69 1359
73 1359
73 1104
74 1137
74 1215
74 1746
74 1752
74 877
74 1724
74 1190
74 1359
74 798
74 1036
91 1359
91 157
91 156
102 1359
102 1590
111 568
111 1263
111 1600
112 1170
112 1359
112 2493
112 1763
112 759
156 1737
156 1359
156 157
156 1764
157 1764
157 1359
171 1359
174 688
174 1359
174 1587
174 1034
175 1743
175 1359
229 1359
229 1722
245 1073
245 566
245 1359
245 1611
247 1359
264 365
264 1104
264 733
290 1359
290 1723
297 733
297 2686
307 574
307 1484
307 1073
307 1780
307 1252
327 1755
327 1359
334 1359
338 1359
338 1500
338 1215
342 1390
342 1359
342 1547
342 614
347 1359
347 1000
358 1155
358 1359
359 2643
360 1621
360 390
360 1484
368 2084
368 2452
390 705
390 906
390 1484
390 1078
390 1744
467 1359
467 971
467 1306
467 1739
481 1711
481 688
481 2373
481 2360
482 1288
482 824
490 1359
502 1359
502 1766
506 574
506 2084
506 1780
506 1252
525 553
525 1170
525 1359
553 1170
553 1359
563 705
563 1736
563 1484
566 1039
566 1611
566 1724
566 688
568 1263
568 761
568 1514
581 1743
581 745
581 1766
581 1759
581 1359
610 1042
610 1359
614 1359
617 1359
617 1740
627 1359
646 1359
685 1359
685 1283
687 1359
690 1318
690 1359
690 1170
690 1293
690 1722
705 970
705 1744
705 2114
705 1484
705 1413
709 1359
743 1621
743 1744
743 1484
745 1359
745 1155
749 1551
749 1569
749 1170
749 1146
749 1359
749 1104
749 1733
755 1484
755 1359
758 1359
758 1285
759 1763
759 1359
759 2493
761 1514
761 986
765 797
765 1607
765 1359
797 1318
797 1104
797 1359
798 1834
798 1359
798 2360
826 1766
832 1359
832 1734
835 2169
835 877
854 1763
854 1170
854 1359
874 1359
874 1709
877 1359
877 2169
883 1359
903 1285
903 1605
903 1359
906 1621
906 1484
906 1283
920 1359
930 1359
970 1736
970 1484
970 1744
971 1359
979 1359
986 1150
986 1359
1000 1359
1034 2169
1039 1359
1041 1318
1041 1766
1041 1170
1041 1359
1042 1244
1042 1359
1071 1726
1071 1073
1071 1359
1073 1726
1073 1359
1073 1263
1073 1484
1073 1802
1073 1734
1073 1741
1078 1484
1078 2114
1104 1359
1104 1521
1104 1887
1104 1481
1104 1719
1104 1124
1104 1749
1104 1285
1104 1761
1124 1359
1137 1190
1137 2360
1146 1170
1146 1359
1150 1359
1155 1715
1155 1743
1155 1716
1155 1359
1170 1738
1170 2493
1170 2221
1170 1720
1170 1721
1170 1732
1170 1715
1170 1359
1170 1735
1172 2360
1176 2360
1190 1359
1190 2360
1206 1762
1206 1359
1210 1738
1210 1359
1215 1717
1215 1500
1215 1746
1230 1359
1230 1385
1230 1750
1239 1359
1244 1359
1250 1484
1251 2508
1282 1359
1282 1749
1282 1747
1283 1736
1283 1484
1285 1359
1285 1605
1288 1359
1293 1318
1293 1359
1306 1359
1307 1318
1340 1754
1340 1359
1413 1736
1413 1484
1413 1744
1434 2360
1472 1647
1493 1766
1521 1751
1521 1766
1547 2170
1563 1766
1569 1730
1587 2169
1590 1746
1590 2597
1710 1740
1710 1739
1712 1732
1712 1766
1712 1731
1713 1726
1715 1728
1718 1732
1719 2686
1720 1766
1721 1766
1722 1762
1724 1725
1727 2169
1732 1756
1737 1764
1743 1759
1743 1750
1744 2114
1745 1766
1751 1767
1751 1766
1752 2597
1753 1755
1756 1766
1758 2452
1802 2452
1834 1835
1835 2360
916 1741
916 1036
916 2598
1390 2598
1726 2598
1726 1741
1726 1746
1726 1735
1726 2597
1735 2598
155 1239
155 1340
155 1445
155 2526
155 1359
155 1753
155 1754
155 365
155 1569
155 820
155 1755
155 327
291 688
291 1766
291 329
291 568
291 2360
365 1633
365 1607
365 2643
365 1307
365 971
365 733
365 1757
365 1359
365 820
688 1722
688 1359
688 1172
688 1726
688 1711
688 1547
688 2373
688 1611
688 1587
688 2360
688 1034
733 1757
733 2686
753 958
753 2452
753 2084
824 2222
824 1359
824 1170
824 1766
958 1155
958 1359
958 1758
958 2168
958 2084
958 1558
958 1686
1036 1802
1036 1487
1036 1741
1036 1834
1036 1434
1149 1748
1149 2222
1149 2221
1149 1318
1318 1720
1318 1721
1318 1740
1318 2221
1318 2222
1484 1727
1484 1736
1484 2209
1484 1621
1484 2114
1484 1744
1484 2084
1487 1746
1551 2084
1558 2169
1558 2084
1633 1757
1686 2084
1740 1887
1740 1751
1740 2222
1740 1767
1746 2597
1766 2493
2084 2169
2169 2170
2221 2222
2221 2526
2222 2508
2360 2373
329 952
329 1251
651 820
651 2084
651 1251
651 1487
651 1558
651 1686
651 1757
1359 1764
1359 1762
1359 2598
1359 1763
1359 1744
1359 1724
1359 1739
1359 1600
1359 1767
1359 1761
1359 1605
1359 1732
1359 1755
1359 1493
1359 1647
1359 1709
1359 1711
1359 1743
1359 1738
1359 1741
1359 1757
1359 1766
1359 1710
1359 1747
1359 1563
1359 1730
1359 1484
1359 1760
1359 1751
1359 1481
1359 1718
1359 1551
1359 1712
1359 1472
1359 1748
1359 1750
1359 1500
1359 1445
1359 1765
1359 1731
1359 1740
1359 1745
1359 1713
1359 1714
1359 1547
1359 1715
1359 1716
1359 1717
1359 1719
1359 1722
1359 1385
1359 1517
1359 1720
1359 1566
1359 1733
1359 1721
1359 1621
1359 1723
1359 1725
1359 1726
1359 1390
1359 1727
1359 1728
1359 1729
1359 1734
1359 1735
1359 1736
1359 1569
1359 1737
1359 1742
1359 1746
1359 1749
1359 1752
1359 1753
1359 1754
1359 1756
1359 1758
1359 1759
820 1359
820 1607
952 1359
1757 2643
