k : 2
Overall running time: 4.454s.
diameter : 11



ans.V.size: 
1257 3 9 12 14 15 19 26 28 34 35 38 39 42 50 54 55 57 58 60 69 72 73 74 79 87 91 99 102 104 105 112 115 121 122 136 138 139 142 147 148 152 155 156 157 159 161 162 165 171 174 175 176 180 186 189 196 197 202 204 211 216 225 229 231 232 233 235 243 245 247 249 253 256 273 275 278 280 286 295 300 302 303 304 309 310 317 318 324 326 327 330 331 333 334 336 338 342 347 352 353 356 357 358 365 366 367 377 383 388 389 390 392 398 407 408 410 413 415 417 418 425 431 438 439 440 442 444 447 448 455 461 462 466 467 470 471 477 479 482 483 484 485 487 488 490 494 497 502 505 506 512 515 517 519 524 550 554 555 563 567 568 569 570 572 574 579 581 589 590 597 599 601 604 610 614 617 618 622 627 628 629 639 645 646 656 657 658 662 669 672 674 676 682 683 685 687 688 690 692 696 698 699 700 703 705 706 709 713 716 717 725 726 739 742 745 746 749 754 755 758 759 765 773 774 779 780 782 784 788 791 792 793 796 797 798 809 810 815 817 820 824 827 828 831 832 836 839 843 848 851 854 869 874 877 883 891 894 895 898 900 903 913 920 921 925 930 935 943 952 956 958 959 961 963 964 969 970 971 974 979 984 985 986 995 1000 1001 1003 1005 1010 1013 1019 1021 1024 1028 1030 1036 1039 1041 1042 1047 1052 1066 1069 1071 1073 1075 1078 1080 1081 1083 1084 1086 1096 1097 1098 1104 1108 1111 1122 1124 1128 1134 1142 1146 1147 1150 1155 1164 1167 1172 1190 1194 1197 1198 1201 1206 1210 1216 1220 1223 1228 1230 1239 1240 1244 1246 1249 1259 1262 1265 1267 1269 1271 1274 1276 1279 1282 1283 1284 1285 1288 1292 1293 1297 1300 1306 1315 1320 1325 1332 1333 1334 1337 1340 1342 1344 1345 1348 1353 1356 1358 1360 1368 1371 1373 1383 1385 1386 1390 1392 1397 1400 1403 1411 1413 1418 1421 1422 1426 1428 1435 1442 1445 1449 1453 1454 1472 1481 1483 1484 1485 1486 1488 1491 1493 1494 1498 1500 1501 1508 1512 1517 1526 1527 1535 1539 1540 1547 1551 1552 1557 1559 1563 1565 1566 1567 1569 1571 1572 1573 1575 1577 1582 1585 1588 1591 1600 1605 1610 1615 1617 1619 1621 1622 1623 1641 1647 1650 1652 1653 1655 1656 1657 1661 1663 1666 1667 1668 1672 1675 1677 1682 1684 1691 1697 1698 1700 1702 1704 1705 1706 1709 1710 1711 1712 1713 1715 1716 1717 1718 1719 1720 1721 1722 1723 1724 1725 1726 1727 1728 1729 1731 1732 1734 1735 1736 1737 1738 1739 1740 1741 1743 1744 1745 1746 1747 1748 1749 1750 1751 1752 1753 1754 1755 1756 1757 1758 1759 1761 1762 1763 1764 1765 1766 1767 1787 1789 1792 1793 1798 1799 1800 1803 1805 1808 1809 1810 1812 1813 1814 1815 1816 1817 1820 1821 1822 1823 1824 1831 1838 1853 1857 1860 1868 1870 1871 1872 1874 1876 1877 1879 1880 1881 1895 1899 1906 1916 1918 1919 1920 1928 1930 1931 1955 1967 1969 1974 1976 1978 1979 1981 1982 1983 1984 1985 1988 1989 1990 1991 1992 1994 1995 1996 1997 1998 2001 2005 2006 2008 2010 2020 2021 2024 2027 2028 2029 2031 2037 2038 2039 2041 2042 2043 2044 2047 2048 2049 2051 2060 2070 2071 2072 2077 2079 2080 2081 2085 2086 2088 2089 2090 2091 2092 2097 2100 2106 2107 2110 2112 2113 2114 2117 2118 2120 2121 2123 2128 2136 2138 2144 2145 2146 2152 2153 2155 2157 2165 2166 2167 2186 2195 2221 2228 2229 2242 2244 2245 2248 2250 2252 2253 2257 2260 2262 2263 2264 2265 2277 2281 2282 2284 2288 2289 2306 2307 2311 2313 2318 2319 2320 2321 2325 2326 2327 2328 2332 2337 2344 2351 2356 2358 2377 2383 2386 2389 2396 2397 2398 2404 2405 2406 2417 2423 2425 2452 2454 2468 2477 2478 2479 2481 2482 2491 2493 2505 2542 2576 2592 2594 2595 2598 2606 2631 2641 2654 2668 2669 864 31 33 37 46 56 61 62 63 70 77 92 95 103 113 119 125 127 131 140 150 154 163 177 182 192 212 219 237 263 279 282 290 306 307 315 319 332 351 378 384 385 402 427 430 436 437 453 460 472 476 491 498 499 507 511 520 525 531 540 543 544 556 557 564 573 582 605 609 611 615 620 632 635 637 652 661 666 667 679 680 697 708 712 719 720 744 750 760 772 816 837 840 842 861 863 879 881 888 889 908 909 911 917 922 949 981 994 996 1009 1016 1040 1046 1063 1070 1074 1089 1105 1116 1121 1132 1144 1145 1153 1157 1159 1161 1170 1179 1193 1204 1219 1221 1225 1233 1252 1266 1270 1275 1289 1294 1295 1303 1330 1331 1338 1339 1347 1349 1359 1363 1377 1378 1395 1404 1465 1469 1475 1495 1503 1504 1506 1520 1522 1525 1530 1532 1553 1561 1562 1584 1589 1593 1625 1626 1631 1659 1662 1669 1671 1676 1681 1683 1694 1714 1730 1733 1742 1760 1768 1769 1771 1772 1773 1774 1775 1776 1777 1778 1779 1780 1781 1782 1783 1784 1785 1786 1788 1790 1802 1806 1811 1818 1819 1840 1841 1843 1845 1846 1847 1849 1850 1883 1891 1892 1894 1910 1913 1915 1921 1922 1923 1924 1925 1958 1973 1975 1980 1987 1993 1999 2000 2003 2004 2007 2009 2011 2012 2013 2014 2016 2017 2018 2019 2025 2026 2035 2036 2040 2045 2046 2083 2087 2093 2094 2095 2096 2103 2104 2122 2124 2131 2133 2135 2137 2154 2163 2190 2208 2235 2269 2275 2283 2292 2293 2295 2296 2302 2304 2305 2312 2330 2333 2336 2379 2380 2381 2382 2384 2387 2395 2409 2419 2451 2471 2486 2500 2503 2512 2532 2577 2590 2621 795 2470 7 53 66 81 82 89 101 110 134 193 205 240 257 258 277 281 301 316 374 434 435 486 528 553 577 587 594 598 625 734 738 747 752 764 819 852 859 886 965 966 967 980 1007 1014 1026 1027 1048 1090 1118 1119 1126 1175 1186 1199 1205 1280 1286 1310 1352 1389 1396 1398 1417 1461 1464 1468 1476 1482 1499 1516 1518 1528 1624 1632 1636 1645 1670 1678 1696 1842 1844 1848 1851 1852 1890 1909 1917 1926 1927 2002 2015 2022 2050 2054 2056 2057 2069 2073 2074 2108 2109 2132 2156 2164 2179 2197 2199 2203 2204 2220 2232 2233 2234 2268 2278 2294 2322 2331 2334 2359 2420 2591 75 143 173 241 292 335 348 400 409 416 424 504 513 575 643 668 681 694 732 735 737 757 862 902 1018 1043 1079 1140 1304 1470 1473 1515 1536 1541 1603 1629 1770 1839 1893 2052 2053 2058 2075 2134 2173 2181 2182 2183 2184 2187 2188 2198 2201 2202 2267 2303 2346 2347 2349 2350 2473 96 457 526 545 592 1581 1693 2055 2200 2348 2365 1424 
3 333
3 1667
3 1987
9 282
9 1997
12 1656
12 1840
14 1811
14 1702
15 2669
15 159
15 2035
19 1561
19 140
19 1787
19 2146
19 2083
26 2012
26 1345
26 2318
28 1811
34 1052
34 2121
34 699
34 2120
34 2122
34 589
34 2041
35 1359
38 61
39 430
39 864
39 863
39 1161
42 645
42 176
42 597
42 1915
50 2035
50 1667
54 1740
54 1104
54 1359
55 402
57 1850
57 1617
57 448
57 413
58 2419
60 610
60 1359
60 1288
60 581
60 1726
69 1359
69 392
69 1987
72 1987
73 1359
73 1104
74 1724
74 1746
74 1752
74 877
74 1190
74 1359
74 1036
74 798
79 1220
79 1330
87 1337
87 2296
87 2035
87 430
91 1359
91 157
91 156
99 1522
102 1359
102 282
104 307
104 140
104 609
104 1776
104 485
105 402
105 1066
112 1170
112 1359
112 2493
112 1763
112 759
115 2289
115 611
121 515
121 1843
121 484
121 2406
121 817
122 2252
122 981
122 590
122 2253
122 1159
136 138
136 2145
136 2096
138 2145
138 2505
138 2330
139 237
139 1777
139 307
142 1003
142 2035
147 1928
147 1469
147 898
147 2060
148 1520
152 2336
152 1987
155 1239
155 1340
155 1445
155 1569
155 1359
155 1753
155 1754
155 365
155 820
155 1755
155 327
156 1737
156 1359
156 157
156 1764
157 1764
157 1359
159 2035
159 1702
161 2010
161 554
161 746
161 1987
161 2001
161 278
161 744
162 2011
162 843
165 211
165 212
171 1359
174 688
174 1359
175 1359
175 1743
176 956
176 1915
176 2389
176 597
176 2136
180 232
180 1987
186 2004
189 1170
189 1728
196 2425
197 2123
197 430
202 1702
202 599
202 1987
204 964
204 1116
204 1870
211 1615
211 1672
211 1906
211 1080
216 1702
216 2046
216 1987
225 2035
225 1811
229 1359
229 1722
229 1872
231 1811
231 1096
231 550
232 388
232 1702
232 233
233 1987
233 1702
235 611
235 2592
243 280
243 1132
243 839
243 2281
245 1359
245 1073
247 1359
249 1265
249 1532
253 712
253 1974
253 974
253 2486
256 2113
256 1344
256 1267
273 2013
275 750
275 749
278 1870
278 974
278 554
278 697
280 2281
280 839
280 667
280 2166
286 2000
295 307
295 2048
300 1485
300 2387
300 2384
302 1170
302 2493
303 720
303 307
303 351
303 1159
304 1671
304 2144
304 720
309 2046
309 351
309 1671
310 2269
310 2306
310 384
317 1822
317 921
317 599
317 1074
317 2005
318 1625
318 1786
324 499
324 2021
326 1849
326 788
327 1755
327 1359
330 1799
331 2124
331 1506
333 2004
333 2123
333 666
334 1359
336 1987
336 1702
338 1777
338 1500
338 1359
342 1359
342 2046
342 614
342 1390
342 1547
347 1359
347 1000
352 1811
353 1295
356 1669
357 2117
357 2019
357 499
358 1359
358 1155
358 658
365 971
365 1359
365 820
365 1757
366 2470
367 746
367 1987
367 554
367 1584
377 1584
383 1204
383 2035
388 520
390 705
390 1484
390 1078
390 2451
390 1744
392 494
392 1987
398 666
398 2330
398 1097
407 506
408 1682
408 410
408 1683
408 696
410 1682
410 2085
410 1625
413 1850
413 1617
415 712
417 520
417 1702
418 2035
418 1872
418 1073
425 1204
425 437
431 2131
438 719
438 499
439 788
439 1985
439 1984
439 1668
439 719
440 1170
442 455
442 672
442 2095
444 1967
444 1265
444 1532
447 1508
448 1850
448 1617
455 1662
455 974
455 582
455 1918
455 1442
455 2190
461 1990
461 1987
462 1204
466 2305
466 1870
466 1404
467 1739
467 1359
467 1306
467 971
470 2305
471 1098
471 1116
477 1987
479 2025
479 1979
479 515
482 1811
482 824
482 1288
482 2292
483 1815
483 1808
483 1811
483 1813
483 791
484 2406
484 817
485 1776
485 1368
485 2047
485 543
485 1700
487 2668
487 2669
488 1783
488 1773
488 1799
488 2081
488 2027
488 656
488 1706
488 1774
490 1359
494 1760
497 597
497 712
502 1359
502 1766
505 1974
505 2397
505 2395
506 1259
506 1780
506 1561
506 1449
506 574
506 1252
512 1811
512 550
515 1883
515 1315
515 1979
517 1883
519 667
550 1498
550 1811
554 2010
554 1996
554 1584
554 746
554 1128
563 2451
563 705
563 1484
563 1736
567 1987
568 632
569 1811
570 1760
572 697
572 1571
579 1880
579 1975
581 745
581 1743
581 1766
581 1759
581 1359
589 2384
589 699
590 1159
590 1625
590 981
597 645
597 1915
599 1871
599 1108
599 1822
599 1824
599 1300
599 969
599 1876
601 2395
604 2046
604 1822
604 717
604 1249
604 796
604 1874
610 1359
610 1042
614 1359
617 1359
617 1740
618 706
618 2035
622 1979
622 1333
622 2019
627 1359
628 2123
628 2336
629 1726
629 1765
629 1170
639 809
639 894
639 784
639 925
639 1774
645 1259
645 712
646 1359
646 1899
656 2081
657 2091
658 1230
658 1741
658 1730
662 1883
662 1046
662 1879
662 1881
662 831
662 1880
672 2026
672 974
674 1987
682 1987
682 1172
683 1225
683 974
685 1359
685 1283
687 1359
688 1711
688 1547
688 1722
688 1172
688 1359
688 1726
690 1170
690 1359
690 1293
690 1722
692 2035
692 2131
696 1999
696 1013
696 1337
696 949
696 2320
696 1683
696 1682
698 1081
699 1016
700 2046
700 2328
700 1702
703 2070
703 994
703 2071
703 780
705 970
705 2451
705 1744
705 2114
705 1484
705 1413
709 837
709 1359
713 2481
713 851
713 1465
716 2292
717 1811
717 1822
725 2396
725 2395
725 1345
726 1653
726 1105
726 2072
739 2163
739 1928
739 1081
742 1089
742 2094
742 832
742 1283
745 1359
745 1155
746 1996
746 1128
746 2010
746 1987
749 1569
749 1170
749 1104
749 1733
749 1359
749 1146
749 1551
754 1270
754 1881
755 1484
755 2451
755 1359
758 1359
758 1285
759 1763
759 1359
759 2493
765 797
765 1359
773 909
774 1073
774 1506
779 1915
779 1225
779 1371
779 1920
779 780
780 1371
780 1915
780 1593
780 1920
780 1225
780 1974
784 1144
784 2377
784 894
791 1811
792 2035
792 2131
793 1987
793 1559
796 1811
797 1104
797 1359
798 1359
809 2384
809 925
809 1786
810 1116
810 2229
815 2384
815 1159
815 2383
815 894
817 2283
817 1843
817 2406
817 1981
820 1359
824 1359
824 1170
824 1766
827 2288
828 2000
828 1040
828 1922
831 1915
832 1734
832 1359
832 2094
836 1655
836 1122
836 1811
839 1132
839 2281
839 869
843 2017
848 2190
848 2423
851 1465
854 1763
854 1170
854 1359
869 2277
869 1342
869 1527
869 2100
869 1845
874 1359
874 1709
877 1359
883 1359
891 1270
891 1315
894 1052
894 2384
895 1846
898 1153
898 1495
898 1411
898 1984
898 1157
898 2296
900 1987
903 1285
903 1605
903 1359
913 2131
920 1359
921 1894
925 2384
930 1359
943 1925
952 1359
956 1483
956 1915
958 1155
958 1758
958 1359
959 1073
959 1799
961 1777
963 1810
963 1809
963 1666
963 1808
963 1811
963 1063
964 1418
964 1704
964 1786
964 1142
969 1987
970 2451
970 1744
970 1484
970 1736
971 1359
974 2020
974 1584
974 1073
974 2154
974 2017
979 1359
984 2131
985 1069
986 1359
986 1074
986 1150
995 1220
995 1330
1000 1359
1003 2035
1005 1811
1010 2097
1013 1337
1013 1683
1013 1798
1013 1682
1019 2379
1021 2668
1024 1702
1024 1987
1028 2395
1030 2167
1036 1741
1036 1802
1039 1359
1041 1766
1041 1170
1041 1359
1042 1244
1042 1359
1047 2337
1052 2123
1052 2384
1066 1700
1066 1097
1071 1073
1071 1359
1071 1726
1073 1799
1073 1484
1073 1734
1073 1785
1073 1741
1073 1805
1073 1806
1073 1802
1073 1506
1073 1726
1073 1800
1073 1359
1073 1803
1073 1798
1075 1676
1075 1677
1078 2451
1078 1484
1078 2114
1080 1219
1080 1915
1081 2163
1083 1535
1083 2387
1084 1233
1086 2110
1086 1422
1086 2395
1096 1811
1096 1987
1098 1116
1098 1870
1104 1359
1104 1749
1104 1285
1104 1761
1104 1481
1104 1719
1104 1124
1108 1811
1108 2380
1108 2244
1111 2026
1111 1121
1111 2296
1111 1225
1122 1656
1122 1411
1122 1811
1122 1132
1122 2137
1124 1359
1128 1987
1128 1584
1134 1539
1134 2186
1134 1501
1142 2295
1146 1170
1146 1359
1147 1506
1150 1895
1150 1359
1150 1987
1155 1715
1155 1743
1155 1716
1155 1359
1164 1403
1164 2133
1167 1987
1172 1356
1172 1910
1190 1359
1194 1706
1197 1625
1197 1368
1198 1999
1198 1792
1201 2208
1201 1503
1206 1762
1206 1359
1210 1738
1210 1359
1216 1895
1223 1225
1228 1270
1230 1359
1230 1385
1230 1750
1239 1359
1240 2028
1244 1359
1246 2081
1246 1771
1249 1652
1249 2046
1262 2131
1265 1532
1267 1985
1267 1530
1269 1930
1271 2035
1271 1623
1274 2035
1276 1469
1279 2306
1279 2307
1279 2269
1282 1359
1282 1749
1282 1747
1283 2325
1283 1284
1283 1777
1283 1484
1283 1736
1284 2325
1284 1777
1285 1605
1285 1359
1285 2451
1288 1359
1292 1661
1292 2155
1293 1359
1297 1913
1300 1702
1300 1811
1306 1359
1320 2035
1325 2036
1332 1811
1332 1577
1333 2025
1334 1974
1334 2313
1337 1798
1337 2035
1337 1453
1340 1754
1340 1359
1344 2166
1344 1508
1348 1998
1356 1958
1358 2026
1360 1915
1360 2481
1360 1465
1368 2081
1368 1585
1368 2144
1368 1779
1368 1657
1371 1920
1371 2275
1371 1976
1371 2486
1371 1526
1383 1503
1383 2284
1386 2336
1390 2598
1392 1694
1397 1400
1397 2395
1397 1422
1397 2396
1397 2110
1397 2229
1400 2395
1400 2228
1403 1617
1403 1920
1403 1973
1403 1483
1411 1656
1413 2451
1413 1744
1413 1484
1413 1736
1418 2351
1418 1704
1418 1453
1418 1530
1421 2397
1421 1422
1421 2395
1422 2395
1422 2110
1422 1976
1426 1619
1428 1726
1428 1743
1435 1987
1442 2275
1442 1958
1442 1955
1449 2035
1449 2046
1454 1987
1454 1702
1472 1647
1483 1974
1483 2133
1484 1744
1484 1727
1484 2114
1484 1621
1484 1736
1485 2384
1486 1915
1488 2138
1488 1850
1488 2018
1491 2086
1491 2328
1493 1766
1498 2035
1500 1777
1501 1539
1501 2186
1512 1520
1526 1915
1526 1974
1527 1978
1527 1880
1527 1982
1527 2100
1539 2186
1539 1843
1540 1915
1547 1805
1559 1987
1563 1766
1565 1773
1565 1787
1567 1733
1567 2072
1569 1730
1573 1777
1575 1987
1577 1811
1582 1811
1582 1820
1585 1799
1588 2155
1610 1913
1610 1792
1615 1672
1615 2035
1617 2051
1617 1850
1619 1790
1621 2451
1652 2046
1653 1849
1653 1973
1655 2035
1656 2296
1656 2283
1656 1840
1656 1843
1656 1895
1656 2137
1657 1799
1661 2155
1663 2382
1663 1667
1666 1702
1666 2035
1667 2382
1672 1930
1672 1969
1672 2137
1672 2138
1675 1915
1677 1915
1677 1976
1682 2321
1682 2319
1682 2320
1684 1974
1684 2133
1691 2113
1697 1714
1698 1987
1702 1876
1702 1870
1702 1821
1702 1853
1702 1857
1702 1874
1702 1800
1702 1868
1702 1872
1702 1847
1702 1871
1702 1877
1702 1860
1704 1969
1704 1967
1705 1913
1705 1987
1710 1987
1710 1740
1710 1739
1712 1766
1712 1731
1712 1732
1713 1726
1715 1728
1718 1732
1720 1766
1721 1766
1722 1762
1722 2477
1724 1725
1726 2598
1726 1741
1726 1735
1726 1746
1732 1756
1735 2598
1736 2325
1736 1777
1737 1764
1740 1767
1740 1751
1741 1805
1743 1759
1743 1750
1744 2114
1744 2451
1745 1766
1751 1767
1751 1766
1753 1755
1756 1766
1758 2452
1766 2493
1792 2046
1793 2486
1798 2089
1803 2080
1805 2452
1808 2035
1809 1811
1810 1811
1812 1823
1813 1987
1813 2035
1821 1874
1831 2046
1853 2046
1857 2097
1857 2046
1860 1987
1868 2118
1871 1987
1874 1987
1876 1987
1877 1987
1879 2257
1895 2118
1895 2035
1906 1915
1928 1931
1928 1930
1930 2035
1955 1958
1969 2035
1974 1975
1974 1976
1976 2110
1981 2406
1984 2035
1988 2005
1992 2326
2010 2026
2027 2046
2027 2097
2031 2113
2041 2123
2041 2121
2047 2049
2051 2486
2070 2071
2077 2668
2086 2090
2114 2451
2123 2124
2128 2131
2136 2283
2145 2330
2145 2505
2145 2146
2145 2332
2153 2386
2165 2283
2228 2229
2229 2395
2229 2396
2244 2245
2252 2253
2260 2336
2264 2491
2282 2406
2288 2289
2306 2307
2356 2358
2383 2384
2668 2669
864 1591
864 1161
31 1417
31 1359
31 2163
31 739
31 2344
31 698
33 1974
33 280
33 519
33 1851
37 2107
37 1147
37 1553
37 2108
37 1506
37 2095
37 1782
37 1641
46 1987
46 734
46 2304
46 2668
46 2669
46 1220
56 1157
56 324
56 2021
56 211
56 772
56 1984
56 2022
56 1080
56 61
56 816
56 788
56 652
61 1528
62 1417
62 2313
62 1081
62 2163
62 1310
63 486
70 605
70 2190
70 1921
70 1014
70 1915
70 1927
70 1352
77 2019
77 2179
77 89
92 2123
92 331
92 2002
92 2381
92 1047
92 2124
95 1650
95 2491
95 587
95 196
95 935
95 676
95 2356
95 2358
95 1967
95 734
95 2264
103 2257
103 1252
103 1562
103 110
103 1449
103 1879
103 1624
103 1872
113 488
113 307
113 2081
113 1624
119 1508
119 2166
119 1344
119 555
119 582
119 1030
119 843
119 1539
119 1852
119 2167
119 2031
119 2011
119 447
119 2113
119 455
119 389
119 1691
119 1617
119 256
125 307
125 1623
125 2479
125 1368
127 2046
127 307
127 237
127 1624
127 2080
127 1552
131 2018
131 1983
140 661
140 1781
140 911
140 2046
140 307
140 1624
150 1656
150 2026
150 1417
150 1081
154 307
154 237
154 460
154 1624
154 2046
163 1175
163 324
163 1269
163 1668
177 974
177 232
182 1465
182 1360
182 1684
182 1014
192 383
192 1678
192 2386
192 1999
192 1792
192 609
212 1909
212 1395
212 1910
212 357
219 2077
219 734
219 1383
219 1349
219 782
219 2595
219 793
219 483
219 2120
219 1021
219 2092
237 2046
237 2080
237 1073
237 2047
237 2079
237 1573
237 307
263 1352
263 1465
279 1186
282 2245
282 2248
282 1001
282 747
282 1383
282 1348
290 1359
290 1723
306 1928
306 1417
307 1652
307 1573
307 2047
307 309
307 1585
307 959
307 1552
307 2085
307 1771
307 2087
307 574
307 656
307 543
307 1491
307 609
307 974
307 1073
307 520
307 1857
307 1772
307 2088
307 477
307 2092
307 1776
307 427
307 2086
307 2079
307 657
307 1368
307 2046
307 418
307 1798
307 453
307 2090
307 1706
307 1788
307 1159
307 1657
307 1803
307 582
307 1805
307 1252
307 555
307 1780
307 911
307 2091
307 2049
307 1783
307 1782
307 1347
307 1806
307 488
307 330
307 2081
307 888
307 1046
307 351
307 1773
307 2089
307 1194
307 720
307 1484
307 1800
307 1010
307 1799
307 1246
307 1641
315 2001
315 1624
319 1702
319 564
319 2046
332 1528
332 2481
351 2086
351 1624
351 1641
351 2085
351 1779
351 657
351 2091
351 1776
351 1783
351 407
351 2090
378 1266
378 734
378 2292
378 679
384 734
384 2269
384 1705
385 1625
385 1624
402 1161
402 734
402 1097
402 1066
427 1778
427 1806
427 488
427 1783
427 1790
427 1773
430 2044
430 1619
430 1670
430 2045
430 795
430 2002
430 2042
430 1890
430 706
430 1808
430 1494
430 524
430 864
436 1913
436 487
436 734
437 886
437 1978
437 1983
437 1132
437 1982
437 1981
437 1495
437 499
437 1979
437 1333
437 879
437 1980
437 817
437 669
437 484
437 1040
453 1624
453 1259
460 1682
460 1624
472 2395
472 1014
472 2014
476 2220
491 1880
491 1132
491 1982
491 1310
491 827
491 2100
491 1464
491 1974
491 2106
498 2420
499 1653
507 1915
507 1014
507 1353
507 1919
511 1172
511 1014
511 1132
520 2046
520 1987
520 1999
520 599
520 837
520 1347
520 1671
520 1575
525 1170
525 1359
525 2477
525 980
525 553
531 2095
531 1014
531 1506
540 712
540 1617
540 2156
543 1624
543 1246
544 985
556 1464
557 1806
557 1624
564 1702
564 1338
564 2046
573 2419
573 1417
573 2026
582 1624
582 1617
582 1793
605 1653
605 1352
605 2110
605 1915
609 2081
609 1624
611 2482
611 2288
611 827
611 2289
615 1476
615 2471
615 889
632 2359
635 2228
637 2234
652 2157
652 2024
652 1985
652 886
652 1668
652 2025
661 1624
666 2123
666 2121
667 1974
667 1851
679 734
680 1396
697 1571
708 764
712 2112
712 2113
712 2114
712 1286
719 2262
719 1417
719 2060
720 1811
720 1624
744 1987
744 746
744 1571
744 1240
750 1334
750 2156
760 1704
772 1157
772 1081
816 1175
816 1345
816 2018
816 2019
837 2079
837 1014
837 1344
837 2404
837 1573
837 1132
840 966
840 2278
842 2035
861 1428
861 1759
861 1528
879 886
879 2327
881 1014
881 974
888 1625
888 911
888 1624
889 1557
889 1476
908 1352
908 1917
909 1014
911 1624
911 2086
917 1027
922 1915
922 2135
922 2294
949 1682
949 1683
949 1396
981 1368
981 1624
994 2156
996 2386
996 1310
996 1913
1009 2060
1009 1417
1009 2576
1009 1923
1016 1426
1016 1069
1016 1386
1016 2263
1016 1619
1016 1789
1016 2264
1016 1482
1016 1144
1016 1790
1016 1520
1016 1453
1046 1774
1046 1572
1063 1193
1063 1811
1074 2164
1089 1090
1105 2265
1116 2277
1116 1530
1121 2026
1121 1584
1121 2195
1132 2281
1132 1134
1132 1910
1132 2282
1132 2284
1132 1931
1132 2186
1132 2283
1132 1501
1132 1656
1132 1225
1132 1216
1132 1539
1132 2156
1144 1619
1144 2263
1144 2377
1144 2156
1145 1624
1145 1246
1153 2156
1153 1928
1153 2417
1159 1636
1159 2252
1159 2253
1159 2383
1161 2269
1170 2221
1170 1738
1170 1720
1170 1721
1170 2493
1170 1732
1170 1715
1170 1735
1170 1359
1170 2477
1179 1985
1179 1530
1179 2351
1179 1909
1193 1622
1204 1843
1204 2156
1204 1216
1204 1411
1219 2117
1219 1928
1225 1588
1225 1292
1225 2153
1225 2154
1225 1661
1225 1920
1225 2155
1225 1526
1225 2157
1225 1733
1225 1849
1225 1584
1225 1976
1225 2152
1225 1852
1225 1371
1225 1342
1225 2156
1225 1527
1252 1449
1252 1624
1266 2292
1270 2228
1270 1631
1270 1881
1270 1315
1289 1310
1294 2419
1331 2069
1331 1838
1338 1702
1338 2046
1339 2386
1339 1913
1347 1671
1349 1811
1349 2164
1349 2606
1359 1766
1359 1744
1359 1733
1359 1566
1359 1755
1359 1742
1359 1484
1359 1757
1359 1741
1359 1712
1359 1748
1359 1730
1359 1563
1359 1724
1359 1739
1359 1600
1359 1767
1359 1743
1359 1709
1359 1751
1359 1760
1359 1761
1359 1710
1359 2598
1359 1763
1359 1711
1359 1551
1359 1718
1359 1481
1359 1750
1359 1765
1359 1445
1359 1714
1359 1547
1359 1738
1359 1747
1359 1472
1359 1605
1359 1732
1359 1493
1359 1500
1359 1647
1359 1731
1359 1740
1359 1745
1359 1713
1359 1715
1359 1716
1359 1717
1359 1719
1359 1722
1359 1385
1359 1517
1359 1720
1359 1721
1359 1621
1359 1723
1359 1725
1359 1726
1359 1390
1359 1727
1359 1728
1359 1729
1359 1734
1359 1735
1359 1736
1359 1569
1359 1737
1359 1746
1359 1749
1359 1752
1359 1753
1359 1754
1359 1756
1359 1758
1359 1759
1359 1762
1359 1764
1363 1915
1363 1373
1377 2233
1377 1849
1378 2389
1378 1841
1378 2069
1378 2071
1378 2070
1395 2138
1404 2318
1465 1483
1465 1684
1465 1915
1475 2262
1475 2336
1475 1909
1503 1504
1503 2164
1504 2244
1504 2242
1506 1789
1506 1700
1506 1802
1506 2108
1506 2087
1506 1625
1506 1553
1520 1535
1520 2336
1520 2641
1520 2109
1525 1694
1525 2500
1530 1985
1530 2351
1530 1909
1532 1890
1553 2592
1553 1779
1561 1624
1562 1624
1584 2026
1584 1996
1589 2334
1589 2056
1593 2072
1593 1915
1593 2486
1625 1706
1625 1780
1625 1778
1625 1788
1625 1781
1625 1787
1625 1779
1625 1789
1625 1786
1626 1730
1631 2228
1659 2019
1662 1852
1676 1915
1676 1677
1681 2057
1681 2577
1683 2322
1683 2320
1683 2321
1683 2292
1683 2190
1694 2409
1714 1899
1742 2594
1768 1784
1769 2326
1769 1838
1771 2081
1772 1779
1773 1783
1773 2046
1774 1790
1774 1781
1777 2079
1777 2325
1777 2046
1778 2144
1779 2328
1780 2319
1782 1999
1782 2108
1783 1799
1783 2327
1785 2046
1785 2097
1788 1811
1788 2144
1788 2046
1802 2452
1802 2204
1811 1812
1811 1813
1811 1818
1811 1816
1811 1822
1811 1824
1811 1817
1811 1870
1811 1821
1811 1820
1811 1823
1811 1815
1811 1814
1811 1819
1819 2307
1819 2306
1840 2425
1840 2454
1841 2072
1843 2406
1843 1981
1843 2282
1843 1980
1845 2277
1847 2358
1847 1868
1847 2118
1849 1910
1849 2420
1850 1915
1891 2131
1892 2035
1892 2131
1910 2306
1913 2104
1913 2405
1913 2103
1915 1918
1915 1921
1915 1920
1915 1916
1915 1917
1915 2389
1915 1919
1921 1927
1921 2311
1921 2654
1921 2423
1924 1928
1925 1928
1958 2631
1958 2242
1980 2179
1980 1981
1980 2406
1987 1988
1987 1997
1987 1996
1987 2010
1987 2006
1987 1989
1987 1990
1987 1991
1987 1992
1987 1993
1987 1994
1987 1998
1987 2004
1987 2005
1987 2003
1987 2001
1987 2000
1987 1999
1987 1995
1987 2002
1987 2008
1987 2009
1987 2007
1999 2327
2003 2380
2004 2124
2007 2478
2009 2302
2011 2017
2016 2072
2017 2072
2018 2468
2019 2020
2025 2157
2025 2179
2026 2029
2026 2028
2026 2027
2035 2037
2035 2043
2035 2040
2035 2041
2035 2038
2035 2131
2035 2042
2035 2036
2035 2039
2040 2043
2046 2047
2046 2049
2046 2048
2087 2095
2095 2107
2096 2146
2096 2330
2096 2505
2103 2386
2104 2386
2122 2123
2124 2381
2131 2250
2154 2156
2163 2164
2208 2242
2269 2292
2292 2293
2304 2542
2305 2386
2312 2577
2330 2332
2330 2331
2336 2337
2395 2397
2395 2398
2395 2396
795 864
795 1591
795 1161
7 1417
7 374
7 1603
7 1043
53 1468
53 2183
53 1140
53 2054
53 2173
66 2022
66 772
66 240
66 1294
66 544
66 1629
66 2420
66 620
66 2419
66 1157
81 1118
81 258
81 2050
82 348
82 528
82 2181
82 424
89 852
89 744
89 1883
89 2179
89 697
89 1659
89 1289
89 1733
89 1395
89 1714
89 2014
89 1742
89 499
89 2016
89 2012
89 2011
89 1678
89 131
89 2018
89 301
89 816
89 2017
89 2395
89 1528
89 1848
89 738
89 416
89 1909
89 1175
89 842
89 2015
89 2013
89 1310
89 1495
89 163
101 1603
101 2057
110 1046
110 1786
110 2094
110 319
110 134
110 2095
110 2093
110 1770
110 290
110 1773
110 1625
110 1662
110 1790
110 125
110 2046
110 307
110 1780
110 520
110 1999
110 1806
110 427
110 2096
110 564
110 1788
110 611
110 1347
110 237
110 1338
110 154
110 460
110 177
134 2083
134 1624
134 400
134 453
134 1671
134 1785
134 1778
134 2046
193 2473
205 416
240 1377
240 1275
240 911
240 888
240 1910
240 2183
240 2419
240 620
240 1760
240 1221
240 2022
240 1070
257 757
258 965
258 1389
258 2181
277 1464
277 1696
277 2134
281 2156
281 1536
301 416
301 635
316 1603
316 2233
316 409
316 1922
316 424
374 1026
374 1043
434 757
434 437
435 1118
435 2134
435 1525
435 2409
435 1694
486 2220
486 1043
486 840
553 1170
553 1359
553 2202
577 666
577 1811
577 2349
587 1219
587 1225
587 2156
594 1475
594 1116
598 1629
598 1105
625 1043
625 1233
734 2302
734 1266
734 2012
734 1161
734 2303
734 1193
734 1063
734 1819
734 1295
734 2009
734 2305
734 1683
734 795
734 2036
734 2304
734 863
734 2269
734 1818
734 760
734 2292
734 1330
738 1631
738 1270
738 2137
738 2179
738 1975
747 2007
747 1304
752 2199
752 1205
752 2203
764 1636
819 2000
852 2019
852 1310
859 2183
859 2503
886 1040
886 2387
886 2025
965 966
965 2199
965 1389
966 2198
966 1694
980 1840
980 1504
980 1304
980 1958
980 2208
1007 1303
1014 1584
1014 1843
1014 1841
1014 1730
1014 1849
1014 1294
1014 1662
1014 1847
1014 1852
1014 1845
1014 1522
1014 1645
1014 1851
1014 1850
1014 1465
1014 1844
1014 1842
1014 2046
1014 1676
1014 1121
1014 1846
1014 1848
1014 1404
1014 1626
1026 1043
1027 1304
1027 2035
1027 2532
1048 2334
1048 1589
1090 2087
1090 1553
1118 1629
1118 2500
1119 2156
1119 1417
1126 2333
1175 1913
1175 2395
1186 1461
1186 2350
1186 1993
1186 2359
1186 2590
1186 2591
1205 1839
1205 1840
1205 1603
1205 1331
1280 2204
1280 2187
1286 2183
1310 2104
1310 1339
1310 1883
1310 2103
1310 1678
1310 2016
1310 2179
1310 1626
1310 1742
1352 2135
1352 1363
1352 1973
1352 1593
1352 2283
1352 1536
1389 2182
1389 2198
1396 2190
1396 2267
1396 2268
1396 2073
1417 1925
1417 1603
1417 1469
1417 1926
1417 1927
1417 1922
1417 1923
1417 1924
1461 2359
1461 2350
1464 2133
1464 2132
1464 1696
1464 2134
1468 2173
1476 2470
1476 2471
1482 1670
1482 2336
1482 2333
1499 2350
1499 2591
1499 2026
1516 2183
1516 2235
1528 2275
1528 1669
1528 2451
1624 1775
1624 1772
1624 1769
1624 1783
1624 1778
1624 1768
1624 1784
1624 1785
1624 1782
1624 1781
1624 1779
1624 1780
1624 1770
1624 1774
1624 1777
1624 1773
1624 1771
1624 1776
1632 2197
1636 2384
1670 2333
1670 1893
1678 1909
1696 2134
1842 2057
1852 2486
1890 1894
1890 1892
1890 2035
1890 2040
1890 2131
1890 1893
1890 1891
1926 2621
1927 2052
1927 2053
1927 2190
2002 2004
2002 2045
2002 2122
2002 2003
2002 2336
2002 2381
2002 2382
2002 2380
2002 2349
2002 2124
2002 2379
2022 2419
2056 2199
2057 2312
2057 2577
2073 2183
2132 2134
2132 2183
2156 2294
2156 2296
2156 2295
2204 2512
2204 2331
2232 2293
2234 2292
75 2420
75 1417
75 1043
75 1518
75 587
75 545
75 2053
75 1119
75 2156
143 2050
143 457
143 526
143 1629
143 2182
173 757
173 1693
173 2188
173 513
173 241
241 1693
241 757
241 513
241 1473
292 1693
335 1014
335 694
348 526
348 424
348 409
400 1770
400 545
400 1090
400 2108
409 735
409 526
409 1842
409 2057
416 819
416 967
416 738
416 1848
416 1528
416 1851
416 852
416 1175
416 1909
416 2179
416 2183
416 526
416 594
416 1678
416 1645
416 2015
416 1310
416 1844
424 528
424 526
504 1693
504 577
504 2002
513 1693
513 757
513 1473
575 1693
575 577
575 2002
643 2473
668 2365
668 2473
681 2200
694 2109
694 1852
694 764
732 2200
732 902
732 1280
732 2204
735 1007
735 752
735 1842
735 737
735 2278
735 2057
735 965
735 2203
735 1389
735 2198
737 1007
737 752
737 1632
737 965
737 2203
737 1389
737 2198
737 1842
757 1693
757 2188
757 1470
757 1473
757 2187
757 886
862 2331
862 2069
862 1398
902 2187
902 1043
902 2200
902 2074
902 1280
1018 2473
1018 1476
1043 1126
1043 2199
1043 2056
1043 1048
1043 1199
1043 1119
1043 2052
1043 2055
1043 2053
1043 2334
1043 1927
1043 1629
1043 1518
1043 1926
1043 2074
1043 1482
1140 2055
1140 1629
1140 2183
1304 2164
1470 2359
1470 2591
1470 1499
1470 1693
1470 2350
1470 2347
1473 1693
1473 2188
1515 1693
1536 2294
1536 2156
1536 1917
1541 2055
1541 1629
1603 2073
1603 2074
1603 2075
1603 2055
1629 2056
1629 2055
1629 2173
1629 2054
1629 2022
1629 2057
1629 2058
1629 1636
1839 2183
1839 2220
2052 2365
2075 2182
2075 2278
2134 2183
2173 2183
2181 2183
2181 2184
2182 2198
2182 2197
2182 2203
2183 2199
2183 2233
2183 2232
2183 2234
2187 2200
2267 2322
2267 2365
2267 2268
2347 2350
2350 2359
96 735
96 1304
96 335
96 862
96 2198
96 2075
96 1839
96 694
96 1629
96 2184
96 2201
96 1603
96 2182
96 737
96 457
96 2055
96 2183
96 2200
96 1581
96 1536
96 2202
457 2055
457 526
457 668
457 545
457 1581
457 2348
457 2473
457 2200
526 2184
526 2183
526 2055
526 2058
526 2182
526 1629
526 2173
526 2181
526 1541
545 1581
545 2348
545 1770
545 2053
545 2200
592 1424
592 1018
592 1079
592 643
592 2473
1581 2200
1581 1893
1581 2201
1693 2347
1693 2346
1693 2188
1693 2350
1693 2303
1693 2187
1693 2348
1693 2349
2055 2134
2200 2201
2200 2202
1424 1693
