k : 2
Overall running time: 5.991s.
diameter : 8



ans.V.size: 
374 12 31 33 42 56 62 66 75 87 89 95 98 99 101 110 119 127 134 140 154 176 211 212 216 230 232 237 240 243 262 280 307 309 316 319 326 342 345 367 377 383 409 416 425 437 441 442 457 462 466 484 491 499 505 515 520 526 537 540 552 553 554 564 573 582 587 597 604 644 646 658 667 683 700 709 712 726 729 738 748 752 756 764 771 772 773 779 780 788 808 816 831 836 839 843 848 862 869 892 895 898 908 936 956 965 974 1007 1027 1029 1043 1046 1050 1071 1073 1080 1081 1086 1111 1128 1134 1150 1157 1172 1216 1223 1292 1304 1310 1338 1342 1344 1354 1359 1363 1371 1377 1389 1396 1397 1400 1403 1406 1411 1417 1421 1422 1436 1442 1449 1480 1486 1495 1501 1502 1506 1509 1513 1526 1527 1536 1540 1567 1569 1573 1581 1588 1593 1603 1615 1629 1632 1652 1661 1672 1675 1683 1702 1733 1773 1777 1785 1788 1792 1811 1831 1839 1840 1853 1857 1868 1879 1880 1881 1882 1883 1884 1885 1886 1896 1899 1906 1912 1916 1917 1918 1920 1931 1973 1974 1976 1980 1984 1996 2011 2014 2016 2018 2022 2023 2026 2027 2035 2047 2048 2049 2051 2052 2053 2055 2057 2069 2070 2071 2075 2079 2095 2100 2109 2110 2118 2119 2133 2135 2137 2138 2152 2153 2155 2156 2157 2182 2183 2184 2186 2189 2191 2195 2198 2200 2201 2202 2203 2218 2229 2233 2277 2278 2279 2281 2283 2284 2296 2306 2311 2318 2358 2385 2389 2395 2396 2404 2419 2420 2423 2481 2639 2654 922 1249 57 96 121 150 182 253 263 335 413 448 455 472 511 531 605 662 694 713 735 737 817 837 851 881 909 946 1075 1121 1122 1132 1204 1225 1294 1353 1360 1378 1404 1483 1488 1522 1539 1584 1617 1626 1645 1653 1656 1662 1677 1684 1730 1793 1841 1842 1843 1844 1845 1846 1847 1848 1849 1851 1852 1895 1910 1915 1919 1921 1927 1981 2017 2072 2154 2190 2282 2406 2486 1352 2046 70 507 1014 1465 1676 1850 
12 1656
12 1840
31 1417
31 1359
33 1851
33 1974
33 280
42 176
42 597
42 1915
56 788
56 816
56 2022
56 1984
56 1080
56 1157
56 211
56 772
62 1310
62 1417
62 1081
66 2419
66 2420
66 772
66 1157
66 2022
66 240
66 1294
66 1629
75 1417
75 2420
75 1043
75 2156
75 2053
75 587
87 2296
87 2035
89 1310
89 2011
89 2395
89 2018
89 1848
89 738
89 2017
89 1883
89 2016
89 816
89 1495
89 1733
89 499
89 416
89 2014
95 2358
95 587
98 662
98 1354
99 1522
101 2057
101 1603
110 1338
110 1046
110 1773
110 1662
110 319
110 134
110 2095
110 520
110 2046
110 564
110 1788
110 154
110 307
110 237
119 1617
119 843
119 455
119 1344
119 1539
119 1852
119 582
119 2011
127 2046
127 307
127 237
134 2046
134 1785
140 2046
140 307
154 2046
154 307
154 237
176 2218
176 597
176 2389
176 1915
176 956
211 1615
211 1672
211 1080
211 1906
212 1910
216 1702
216 2046
230 1406
230 2119
230 1895
232 1702
232 552
232 2218
237 307
237 2047
237 2079
237 1573
237 2046
237 1073
240 1377
240 2183
240 2022
240 1910
240 2419
243 280
243 1132
243 839
243 2281
262 1702
262 1480
262 1895
280 839
280 2281
280 667
307 1652
307 1573
307 309
307 1773
307 1046
307 2049
307 2047
307 974
307 1788
307 582
307 2079
307 1857
307 520
307 1073
307 2046
309 2046
316 409
316 1603
316 2233
319 2046
319 564
319 1702
326 1849
326 788
342 1359
342 2046
345 442
345 662
367 1584
367 554
377 1584
383 2035
383 1204
409 1842
409 526
409 2057
409 735
416 1645
416 1851
416 526
416 1310
416 738
416 2183
416 1844
416 1848
425 1204
425 437
437 1495
437 1981
437 1980
437 484
437 817
437 1132
437 499
441 726
441 442
442 455
442 2095
457 526
457 2200
457 2055
457 1581
462 1204
466 1404
484 817
484 2406
491 1880
491 1132
491 1974
491 2100
491 1310
499 1653
505 1974
505 2395
515 1883
520 2046
520 837
526 2055
526 2183
526 2184
526 2182
526 1629
537 1895
540 712
540 1617
540 2156
552 2389
553 1359
553 2202
554 1996
554 1128
554 1584
564 2046
564 1338
564 1702
573 2419
573 1417
573 2026
582 1617
582 1793
587 1225
587 2156
597 1915
604 1249
604 2046
644 1539
646 1899
646 1359
646 892
646 1896
658 1730
667 1851
667 1974
683 974
683 1225
700 1702
700 2046
709 837
709 1359
726 1653
726 2072
729 1071
729 2389
738 2137
748 1539
752 2203
756 1899
756 2072
771 2118
771 1895
772 1157
772 1081
773 909
779 1225
779 1915
779 1371
779 1920
779 780
780 1225
780 1593
780 1920
780 1915
780 1371
780 1974
816 2018
831 1915
836 1122
836 1811
839 869
839 1132
839 2281
843 2017
848 2190
848 2423
862 2069
869 1342
869 2277
869 1845
869 2100
869 1527
892 1675
895 1846
898 1157
898 2296
898 1984
898 1495
898 1411
908 1352
908 1917
936 974
956 1483
956 1915
965 1389
974 2154
974 1584
974 1073
974 2017
1027 2035
1027 1304
1043 1629
1043 2052
1043 2055
1043 1927
1043 2053
1050 1895
1071 1073
1071 1359
1073 1785
1073 1506
1073 1359
1080 1915
1086 2110
1086 2395
1086 1422
1111 2026
1111 1121
1111 2296
1111 1225
1128 1584
1134 1539
1134 2186
1134 1501
1150 1359
1150 1895
1172 1910
1216 1895
1223 1225
1292 1661
1292 2155
1310 2016
1310 1883
1310 1626
1338 2046
1338 1702
1359 1569
1359 1733
1359 1730
1363 1915
1371 1920
1371 2486
1371 1976
1371 1526
1377 2233
1377 1849
1389 2198
1389 2182
1396 2190
1397 2395
1397 1422
1397 2110
1397 2229
1397 2396
1397 1400
1400 2395
1400 1502
1403 1920
1403 1617
1403 1973
1403 1483
1406 1509
1406 1895
1411 1656
1417 1603
1417 1927
1421 1422
1421 2395
1422 1976
1422 2110
1422 2395
1436 2072
1449 2035
1449 2046
1480 1895
1480 1702
1486 1915
1501 1539
1501 2186
1502 2396
1502 2229
1502 1677
1509 1895
1509 2118
1526 1974
1526 1915
1527 1880
1527 2100
1536 1917
1536 2156
1540 1915
1567 1733
1567 1896
1567 2072
1569 1730
1573 1777
1581 2201
1581 2200
1588 2155
1593 1915
1593 2486
1593 2072
1603 2055
1603 2075
1615 1672
1615 2035
1629 2055
1629 2057
1629 2022
1652 2046
1661 2155
1672 2137
1672 2138
1675 1915
1683 2190
1702 1847
1702 1868
1702 1853
1702 1857
1773 2046
1777 2079
1777 2046
1785 2046
1788 1811
1788 2046
1792 2046
1831 2046
1839 2183
1853 2046
1857 2046
1868 2118
1885 1886
1906 1915
1974 1976
1976 2110
1980 2406
1980 1981
1984 2035
2011 2017
2016 2072
2022 2419
2023 2191
2026 2027
2027 2046
2047 2049
2051 2486
2070 2071
2075 2182
2075 2278
2118 2119
2156 2296
2182 2203
2182 2198
2183 2233
2200 2202
2200 2201
2229 2396
2229 2395
2395 2396
922 1915
922 2135
1249 1652
1249 2046
57 1850
57 1617
57 413
57 448
96 1629
96 2184
96 2075
96 735
96 2055
96 1603
96 2198
96 694
96 457
96 1581
96 2183
96 2200
96 1839
96 2201
96 2202
96 1536
96 2182
96 737
96 335
96 862
96 1304
121 817
121 2406
121 1843
121 484
121 515
150 1656
150 2026
150 1081
150 1417
182 1465
182 1360
182 1684
182 1014
253 2486
253 974
253 712
253 1974
263 1352
263 1465
335 694
335 1014
413 1617
413 1850
448 1617
448 2639
448 1850
455 2190
455 1918
455 1442
455 1662
455 2189
455 974
455 582
455 2191
455 2023
472 2395
472 2014
472 1014
511 1132
511 1172
511 1014
531 2095
531 1506
531 1014
605 1915
605 1352
605 1653
605 2110
662 1883
662 936
662 1879
662 1046
662 1029
662 808
662 1354
662 1881
662 1884
662 1886
662 1882
662 1885
662 831
662 1880
694 1852
694 764
694 2109
713 851
713 2481
713 1465
735 2198
735 1007
735 752
735 2278
735 2057
735 965
735 2203
735 1389
735 737
735 1842
737 1007
737 752
737 2198
737 965
737 2203
737 1389
737 1842
737 1632
817 1843
817 2283
817 2406
817 1981
837 2079
837 1344
837 2404
837 1014
837 1132
837 1573
851 2279
851 1465
881 1014
881 974
909 1014
946 2389
946 1073
946 1513
946 1912
1075 1676
1075 1677
1075 1502
1121 1584
1121 2195
1121 2026
1122 1811
1122 1132
1122 2137
1122 1411
1122 1656
1132 1931
1132 2281
1132 1134
1132 1216
1132 1539
1132 1501
1132 2283
1132 2186
1132 2284
1132 1656
1132 1225
1132 1910
1132 2282
1132 2156
1204 2156
1204 1843
1204 1216
1204 1411
1225 2154
1225 2152
1225 1584
1225 2156
1225 1342
1225 1527
1225 2155
1225 1526
1225 1849
1225 2153
1225 1588
1225 1292
1225 2157
1225 1976
1225 1661
1225 1920
1225 1733
1225 1371
1225 1852
1294 2419
1360 1915
1360 2279
1360 2481
1360 1465
1378 2389
1378 1841
1378 2069
1378 2071
1378 2070
1404 2318
1483 2133
1483 1974
1488 2018
1488 1850
1488 1502
1488 2138
1539 1843
1539 2186
1584 2026
1584 1996
1617 2051
1617 1850
1626 1730
1653 1973
1653 1849
1656 2137
1656 2283
1656 2385
1656 1895
1656 1840
1656 2296
1656 1843
1662 1852
1677 1976
1677 1915
1684 2133
1684 1974
1793 2486
1841 2072
1842 2057
1843 2282
1843 1980
1843 1981
1843 2406
1845 2277
1847 2118
1847 1868
1847 2358
1849 1910
1849 2420
1852 2486
1895 2118
1895 2119
1895 2035
1910 2306
1915 1918
1915 1921
1915 1916
1915 1917
1915 2389
1915 1919
1915 1920
1921 1927
1921 2311
1921 2654
1921 2423
1927 2053
1927 2190
1927 2052
1981 2406
2017 2072
2154 2156
2282 2406
1352 2135
1352 1593
1352 2283
1352 1536
1352 1973
1352 1363
2046 2048
2046 2047
2046 2049
70 1921
70 1352
70 2190
70 1014
70 1915
70 1927
70 605
507 1915
507 1014
507 1353
507 1919
1014 1522
1014 1843
1014 1584
1014 1841
1014 1730
1014 1844
1014 1846
1014 1842
1014 2046
1014 1121
1014 1676
1014 1645
1014 1845
1014 1851
1014 1850
1014 1465
1014 1849
1014 1294
1014 1662
1014 1847
1014 1848
1014 1626
1014 1404
1014 1852
1465 1483
1465 1684
1465 1915
1676 1915
1676 1677
1850 1915
