k : 2
Overall running time: 5.743s.
diameter : 8



ans.V.size: 
694 2 7 9 11 21 25 33 56 57 58 89 92 94 95 96 99 103 104 111 113 116 119 121 125 127 134 139 140 147 154 158 170 173 177 181 186 190 192 198 207 219 221 230 231 232 241 243 245 257 262 263 268 278 280 281 286 290 291 295 298 299 300 303 309 315 317 326 328 330 333 338 343 345 351 374 378 384 388 390 397 400 402 406 409 413 416 417 418 425 427 430 436 438 439 442 446 448 453 457 460 466 479 483 484 488 491 494 499 504 506 513 526 537 540 543 544 555 571 573 574 575 582 599 604 605 607 609 611 614 620 631 656 657 658 662 666 667 669 672 673 679 694 696 697 698 703 709 712 713 717 719 720 735 737 738 747 749 750 760 761 771 772 773 774 795 796 817 819 828 836 839 843 850 851 863 869 870 880 888 895 902 911 926 936 943 946 959 961 980 986 994 1009 1010 1015 1043 1046 1050 1056 1063 1067 1070 1071 1075 1083 1120 1134 1141 1143 1144 1153 1157 1159 1161 1172 1186 1192 1193 1194 1198 1205 1216 1219 1220 1221 1240 1246 1249 1252 1263 1266 1275 1276 1283 1284 1295 1296 1310 1326 1330 1333 1334 1336 1337 1344 1347 1348 1352 1353 1358 1359 1360 1368 1377 1378 1390 1403 1406 1422 1442 1446 1447 1455 1469 1473 1479 1480 1483 1484 1488 1489 1491 1495 1499 1500 1501 1506 1509 1514 1518 1523 1536 1539 1547 1552 1567 1569 1571 1573 1581 1585 1593 1603 1604 1617 1624 1625 1629 1641 1652 1653 1657 1667 1668 1671 1672 1677 1683 1684 1693 1702 1706 1726 1734 1736 1739 1740 1741 1760 1770 1771 1772 1773 1776 1780 1782 1783 1785 1786 1790 1792 1798 1799 1800 1801 1802 1803 1804 1805 1806 1811 1818 1819 1821 1822 1831 1859 1865 1868 1870 1880 1908 1910 1913 1915 1918 1919 1921 1922 1923 1926 1927 1928 1931 1974 1978 1979 1980 1981 1982 1983 1984 1985 2011 2012 2014 2017 2020 2023 2024 2027 2028 2029 2035 2036 2045 2047 2048 2049 2052 2053 2055 2057 2060 2064 2065 2072 2073 2074 2075 2078 2079 2080 2081 2085 2086 2087 2088 2089 2090 2091 2092 2093 2094 2095 2096 2097 2100 2110 2111 2118 2119 2122 2124 2136 2144 2163 2165 2179 2183 2186 2187 2188 2189 2190 2191 2195 2196 2200 2201 2202 2231 2237 2239 2254 2269 2275 2277 2281 2282 2284 2292 2294 2295 2302 2303 2304 2305 2313 2318 2325 2326 2327 2328 2336 2339 2340 2341 2344 2348 2349 2358 2359 2361 2366 2379 2380 2381 2382 2386 2395 2404 2406 2413 2420 2424 2425 2426 2431 2454 2476 2478 2486 2510 2533 2551 2556 2569 2579 2583 2614 2668 2669 2692 1204 1470 3 12 28 31 46 62 66 69 70 72 75 87 110 152 161 180 182 202 216 233 237 240 253 306 307 319 325 335 336 342 367 377 392 437 455 461 472 477 507 511 520 531 545 554 564 567 568 577 587 632 652 674 682 683 700 734 739 744 746 757 779 780 793 837 879 881 898 900 909 969 974 1024 1040 1073 1081 1096 1119 1121 1122 1128 1150 1167 1223 1292 1294 1338 1342 1371 1404 1411 1417 1435 1449 1454 1465 1522 1526 1527 1559 1575 1588 1626 1645 1661 1662 1676 1698 1705 1710 1730 1733 1777 1788 1813 1840 1841 1842 1843 1844 1845 1846 1847 1848 1849 1850 1851 1852 1853 1857 1860 1871 1874 1876 1877 1920 1924 1925 1976 1988 1989 1990 1991 1992 1993 1994 1995 1996 1997 1998 1999 2000 2001 2002 2003 2004 2005 2006 2007 2008 2009 2010 2022 2025 2046 2137 2152 2153 2154 2155 2156 2157 2283 2345 2385 2387 2419 1132 1895 2026 150 434 886 1014 1111 1225 1584 1656 1987 2296 
2 3
7 1043
7 1603
7 374
7 1417
9 1997
11 477
21 1073
25 202
25 599
25 1702
33 1851
33 1974
33 280
56 2022
56 652
56 772
56 1157
56 1984
57 1850
57 1617
57 413
57 448
58 2419
89 697
89 1733
89 1495
89 1310
89 2011
89 2012
89 499
89 2179
89 2014
89 416
89 738
89 2395
89 2017
89 1848
89 744
92 2002
92 2124
92 2381
94 2152
95 587
95 2358
95 734
96 2075
96 735
96 2202
96 335
96 2200
96 2183
96 1536
96 737
96 2055
96 457
96 1581
96 1603
96 1629
96 694
96 2201
99 1522
103 1624
103 1449
103 1252
103 110
104 609
104 140
104 1776
104 307
111 1263
111 568
113 307
113 488
113 2081
113 1624
116 974
119 582
119 555
119 1617
119 1852
119 455
119 1344
119 1539
119 2011
119 843
121 817
121 2406
121 484
121 1843
125 307
125 1368
127 307
127 237
127 2046
127 1624
127 2080
127 1552
134 453
134 1671
134 1785
134 2046
134 1624
134 400
139 237
139 1777
139 307
140 1624
140 911
140 307
140 2046
147 898
147 2060
147 1928
147 1908
147 1469
154 460
154 2046
154 1624
154 307
154 237
158 599
158 1871
158 1702
170 1995
173 1693
173 757
173 2188
173 513
173 241
177 232
177 974
181 2005
186 2004
186 298
190 1073
190 1263
192 609
192 1792
192 2386
192 1999
198 232
198 2413
207 2692
219 2092
219 734
219 793
219 483
221 377
230 1406
230 1895
230 2119
231 1096
231 1811
232 1702
232 233
232 388
241 1693
241 757
241 513
241 1473
243 280
243 1132
243 839
243 2281
245 1073
245 1359
257 757
262 1702
262 1480
262 1895
263 1352
263 1465
268 2001
278 554
278 974
278 1870
278 697
280 667
280 2424
280 2345
280 2281
280 839
281 2156
281 1536
286 2000
290 1359
291 568
295 307
295 2048
298 599
298 900
299 1326
299 1096
300 2387
303 720
303 307
303 351
303 1159
309 2046
309 351
309 1671
315 2001
315 1624
317 2005
317 599
317 1822
326 1849
328 1326
328 1997
328 2065
328 2064
330 1799
333 2004
333 666
338 1777
338 1500
338 1359
343 1073
345 662
345 390
345 442
351 2086
351 2085
351 657
351 1776
351 2091
351 1783
351 2090
351 1624
351 1641
374 1043
378 2292
378 679
378 734
378 1266
384 1705
384 2269
384 734
388 520
390 1484
397 1989
400 1770
400 545
402 734
402 1161
406 2060
406 1276
406 739
406 1928
409 526
409 1842
409 2057
409 735
413 1617
413 1850
416 1645
416 1851
416 1848
416 1844
416 526
416 1310
416 738
416 2183
416 2179
416 819
417 520
417 1702
418 1073
418 2035
425 1204
425 437
427 1806
427 488
427 1783
427 1790
427 1773
430 2002
430 2045
430 795
436 1913
436 734
438 719
438 499
439 1985
439 1984
439 1668
439 719
442 672
442 455
442 2095
446 1435
448 1617
448 1850
453 1624
457 526
457 2055
457 1581
457 545
457 2348
457 2200
460 1624
466 1870
466 2305
466 1404
479 1979
479 2025
483 1813
483 2231
483 1811
484 817
484 2406
488 1706
488 656
488 1783
488 1773
488 2081
488 1799
488 2027
491 1880
491 1132
491 1982
491 1310
491 2100
491 1974
494 1760
499 1653
504 577
504 2002
504 1693
506 574
506 1449
506 1780
506 1252
513 1693
513 757
513 1473
526 2055
526 1629
526 2183
537 1895
537 568
540 712
540 1617
540 2156
543 1246
543 1624
571 2431
573 2419
573 1417
573 2026
575 577
575 2002
575 1693
582 1617
582 1624
599 1871
599 969
599 1865
599 1876
599 1822
599 870
604 1874
604 796
604 717
604 1249
604 1822
604 2046
605 1653
605 1352
605 2110
605 1915
607 2361
607 2231
607 1667
609 2081
609 1624
614 1359
631 974
656 2081
657 2091
658 1741
658 1730
662 1046
662 936
662 1880
667 1851
667 1974
672 2026
672 974
679 734
694 1852
696 1683
696 1999
696 1337
697 1571
698 1081
703 780
703 994
709 1359
709 837
713 851
713 1465
717 1811
717 1822
719 1417
719 2060
720 1811
720 1624
735 2057
735 1842
735 737
737 1842
738 2179
738 2137
747 2007
749 1733
749 1569
749 1359
750 2156
750 1334
761 986
761 1514
771 1895
771 2118
772 1081
772 1157
773 909
774 1073
774 1506
795 1161
796 1811
817 2283
817 1843
817 2406
817 1981
819 2000
828 2000
828 1040
828 1922
836 1811
836 1122
839 1132
839 869
839 2281
843 2017
850 1994
851 1465
869 1845
869 2100
869 1342
869 2277
869 1527
870 1702
870 1865
880 1559
888 1624
888 911
888 1625
895 1846
902 1043
902 2187
902 2074
902 2200
911 2086
911 1624
926 1223
936 974
936 1874
943 1925
946 1073
959 1073
959 1799
961 1777
980 1840
986 1359
986 1150
994 2156
1009 2060
1009 1923
1009 1417
1010 2097
1015 1559
1043 1629
1043 1119
1043 2053
1043 1927
1043 2055
1043 2052
1043 1518
1043 1926
1043 2074
1050 1895
1063 1811
1063 1193
1067 1575
1071 1073
1071 1359
1071 1726
1075 1677
1075 1676
1083 2387
1120 1698
1134 1539
1134 2186
1134 1501
1143 2327
1144 2156
1153 1928
1153 2156
1161 2269
1172 1910
1172 1296
1186 2359
1186 1993
1192 2340
1192 1559
1194 1706
1198 1999
1198 1792
1205 1840
1205 1603
1216 1895
1219 1928
1240 2028
1246 2081
1246 1771
1249 1652
1249 2046
1252 1449
1252 1624
1266 2292
1276 1469
1283 1484
1283 1736
1283 1777
1283 2325
1283 1284
1284 2325
1284 1777
1296 1988
1310 2179
1310 1626
1326 2064
1333 2025
1334 1974
1334 2196
1334 2313
1336 2091
1336 2088
1336 1857
1337 1798
1337 2035
1347 1671
1348 1998
1352 2283
1352 1536
1352 1593
1358 2026
1359 1569
1359 1736
1359 1734
1359 1547
1359 1740
1359 1741
1359 1730
1359 1710
1359 1739
1359 1484
1359 1733
1359 1390
1359 1760
1359 1726
1359 1500
1360 1465
1360 1915
1368 1585
1368 1657
1368 2144
1368 2081
1377 1849
1378 1841
1403 1483
1403 1617
1403 1920
1406 1509
1406 1895
1422 2111
1422 1976
1422 2110
1422 2395
1442 2275
1446 1447
1473 1693
1473 2188
1480 1702
1480 1895
1483 1974
1484 1736
1488 1850
1491 2086
1491 2328
1499 2026
1500 1777
1501 1539
1501 2186
1506 1802
1506 1625
1506 2087
1509 2118
1509 1895
1514 1831
1523 1698
1536 2156
1536 2294
1539 2186
1539 1843
1547 1805
1567 1733
1567 2072
1569 1730
1573 1777
1581 2201
1581 2200
1585 1799
1593 2486
1593 2072
1593 1915
1603 2074
1603 2075
1603 2055
1603 2073
1617 1850
1624 1771
1624 1773
1624 1772
1624 1780
1624 1770
1624 1783
1624 1782
1624 1777
1624 1776
1624 1785
1625 1786
1625 1706
1625 1780
1625 1788
1629 2055
1629 2022
1629 2057
1652 2046
1653 1849
1657 1799
1667 2382
1672 2137
1677 1976
1677 1915
1683 2292
1683 2190
1684 1974
1693 2187
1693 2188
1693 2349
1693 2348
1693 2303
1702 1876
1702 1865
1702 1847
1702 1868
1702 1874
1702 1800
1702 1871
1702 1821
1702 1870
1702 1853
1702 1877
1702 1859
1702 1857
1702 1860
1726 1741
1736 2325
1736 1777
1739 2366
1741 1805
1771 2081
1773 2046
1773 1783
1782 1999
1783 1799
1783 2327
1785 2097
1785 2046
1792 2046
1798 2089
1803 2080
1811 1813
1811 1818
1811 1821
1811 1870
1811 1819
1811 1822
1821 1874
1831 2046
1868 2118
1915 1921
1915 1918
1915 1919
1915 1920
1921 1927
1927 2052
1927 2190
1927 2053
1928 1931
1974 1976
1980 2179
1980 1981
1980 2406
1981 2406
1984 2035
2011 2017
2017 2072
2023 2191
2027 2097
2027 2046
2028 2361
2035 2036
2047 2049
2073 2183
2086 2090
2087 2095
2100 2426
2110 2111
2118 2119
2124 2381
2136 2283
2165 2283
2187 2200
2195 2196
2200 2201
2200 2202
2269 2292
2282 2406
2305 2386
2339 2556
2340 2341
2344 2345
2361 2579
2668 2669
1204 1843
1204 1411
1204 2156
1204 1216
1470 2359
1470 1693
1470 1499
3 1987
3 1455
3 1667
3 333
12 1656
12 1840
28 2361
28 2579
28 1811
28 607
31 1417
31 1359
31 2344
31 739
31 698
31 2163
46 734
46 1987
46 2304
46 2668
46 2669
46 1220
62 1417
62 1081
62 2313
62 2163
62 1310
66 544
66 1629
66 2420
66 772
66 1157
66 1294
66 240
66 2022
66 620
66 2419
69 1987
69 392
69 1359
70 1921
70 1352
70 2190
70 1014
70 1915
70 1927
70 605
72 1987
72 207
72 2692
75 2420
75 1417
75 1043
75 1518
75 587
75 545
75 2053
75 1119
75 2156
87 2296
87 1337
87 430
87 2035
110 1773
110 1662
110 1625
110 2094
110 2093
110 1770
110 290
110 125
110 1790
110 2046
110 307
110 237
110 1347
110 611
110 1780
110 1806
110 319
110 134
110 2095
110 427
110 1788
110 564
110 2096
110 1999
110 520
110 1338
110 154
110 460
110 1786
110 1046
110 177
152 2237
152 2336
152 1987
152 2239
161 744
161 2010
161 554
161 2001
161 1987
161 746
161 278
180 232
180 198
180 1987
182 1684
182 1014
182 1360
182 1465
202 2431
202 1987
202 298
202 599
202 571
202 1702
216 1987
216 2046
216 1702
233 1987
233 1702
233 1865
233 870
237 307
237 1073
237 2047
237 2079
237 1573
237 2046
237 2080
240 620
240 1275
240 1377
240 2183
240 1910
240 1760
240 1221
240 911
240 2419
240 888
240 1070
240 2022
253 974
253 2486
253 712
253 1974
306 1928
306 1417
307 1652
307 1573
307 2047
307 309
307 1772
307 2088
307 1585
307 959
307 1798
307 1552
307 2085
307 1771
307 2087
307 656
307 543
307 1491
307 609
307 1073
307 520
307 974
307 1857
307 2079
307 657
307 1368
307 488
307 330
307 574
307 1010
307 1484
307 1800
307 418
307 2046
307 2086
307 427
307 453
307 1788
307 1159
307 1657
307 1805
307 1252
307 555
307 1776
307 2092
307 1803
307 582
307 477
307 1706
307 1780
307 911
307 2091
307 2049
307 1783
307 1782
307 1347
307 1806
307 2090
307 2081
307 888
307 1046
307 1194
307 720
307 351
307 2089
307 1773
307 1799
307 1246
307 1641
319 2046
319 1702
319 564
325 2195
325 828
325 2157
335 694
335 1014
336 1702
336 1987
342 2046
342 1359
342 614
342 1390
342 1547
367 1987
367 1584
367 554
367 746
377 673
377 1584
392 1987
392 494
392 2366
437 1495
437 886
437 1333
437 1981
437 1982
437 1978
437 879
437 1132
437 1983
437 1979
437 499
437 1980
437 1040
437 669
437 484
437 817
455 2189
455 1662
455 2023
455 2191
455 1918
455 1442
455 2190
455 974
455 582
461 1990
461 2533
461 1987
472 2395
472 2014
472 1014
477 1987
477 1801
477 1141
507 1915
507 1014
507 1353
507 1919
511 1014
511 1172
511 1132
520 2046
520 1999
520 837
520 1347
520 599
520 1987
520 1671
520 1575
531 2095
531 1506
531 1014
545 1770
545 2348
545 2053
545 1581
545 2200
554 1128
554 2010
554 1996
554 746
554 1584
564 2046
564 1702
564 1338
567 1987
567 1908
568 632
568 1514
568 761
568 1263
577 1811
577 2349
577 666
587 2156
587 1225
587 1219
632 2359
652 2024
652 2157
652 1985
652 886
652 1668
652 2025
674 1987
674 1908
682 1987
682 1172
682 1447
682 1446
683 1225
683 974
700 2046
700 2328
700 1702
734 2012
734 1161
734 1266
734 2302
734 2009
734 2305
734 2303
734 1193
734 1295
734 2036
734 795
734 1683
734 1819
734 2304
734 1063
734 863
734 2269
734 760
734 2292
734 1330
734 1818
739 1081
739 1928
739 2163
744 1987
744 746
744 1240
744 1571
746 1987
746 2010
746 1128
746 1996
757 1470
757 2188
757 1693
757 1473
757 2187
757 886
779 1915
779 1225
779 1371
779 1920
779 780
780 1371
780 1915
780 1593
780 1920
780 1974
780 1225
793 1987
793 2556
793 1559
793 1489
837 2079
837 1014
837 1344
837 2404
837 1132
837 1573
879 886
879 2327
881 1014
881 974
898 1984
898 1153
898 1495
898 1908
898 1411
898 1157
898 2296
900 1859
900 1056
900 1987
909 1014
969 1604
969 1987
974 1143
974 1584
974 2020
974 2154
974 2017
974 1073
1024 1987
1024 2569
1024 1702
1073 1798
1073 1263
1073 1799
1073 1734
1073 1785
1073 1479
1073 1804
1073 1741
1073 1805
1073 1806
1073 1801
1073 1802
1073 1506
1073 1484
1073 1359
1073 1803
1073 1726
1073 1800
1081 2345
1081 2163
1096 1987
1096 1811
1096 2614
1096 1326
1119 1417
1119 2156
1121 2026
1121 1584
1121 2195
1122 1132
1122 1811
1122 2137
1122 1411
1122 1656
1128 1987
1128 1584
1150 1987
1150 1359
1150 1895
1167 1987
1167 2583
1223 1225
1292 1661
1292 2155
1294 2419
1338 2046
1338 1702
1342 2426
1371 1920
1371 2275
1371 1976
1371 2486
1371 1526
1404 2318
1411 1656
1417 1925
1417 1469
1417 1603
1417 1926
1417 1927
1417 1922
1417 1923
1417 1924
1435 1987
1449 2035
1449 2046
1454 1702
1454 1987
1465 1483
1465 1915
1465 1684
1526 1974
1526 1915
1527 1880
1527 1982
1527 2426
1527 1978
1527 2100
1559 2339
1559 2340
1559 1987
1559 2341
1575 1987
1588 2155
1626 1730
1661 2155
1662 1852
1676 1915
1676 1677
1698 2254
1698 1987
1705 1913
1705 1987
1705 2078
1710 1987
1710 2366
1710 1740
1710 1739
1777 2079
1777 2325
1777 2046
1788 2046
1788 2144
1788 1811
1813 2035
1813 1987
1813 2551
1840 2454
1840 2425
1841 2072
1842 2057
1843 2282
1843 1980
1843 1981
1843 2406
1845 2277
1847 1868
1847 2358
1847 2118
1849 1910
1849 2420
1850 1915
1852 2486
1853 2046
1857 2046
1857 2097
1860 1987
1871 1987
1874 1987
1876 1987
1877 1987
1924 1928
1925 1928
1976 2110
1976 2111
1988 2005
1988 2510
1992 2326
1997 2065
1997 2064
1998 2413
1999 2327
2002 2045
2002 2349
2002 2336
2002 2122
2002 2003
2002 2004
2002 2381
2002 2382
2002 2380
2002 2124
2002 2379
2003 2380
2004 2124
2007 2478
2009 2302
2010 2026
2022 2419
2025 2179
2025 2157
2046 2048
2046 2049
2046 2047
2152 2424
2153 2386
2154 2156
2156 2296
2156 2294
2156 2295
2345 2476
1132 2186
1132 1931
1132 2281
1132 1134
1132 1225
1132 2284
1132 1910
1132 2282
1132 1656
1132 2283
1132 1501
1132 2156
1132 1216
1132 1539
1895 2118
1895 2035
1895 2119
2026 2029
2026 2028
2026 2027
150 1656
150 2026
150 1081
150 1417
434 437
434 757
886 2387
886 2025
886 1040
1014 1842
1014 1841
1014 1730
1014 1844
1014 1843
1014 1584
1014 1852
1014 1847
1014 1662
1014 1645
1014 1845
1014 1522
1014 1851
1014 1850
1014 1465
1014 1849
1014 1294
1014 1848
1014 1626
1014 1404
1014 1846
1014 1676
1014 2046
1014 1121
1111 1225
1111 2296
1111 1121
1111 2026
1225 1588
1225 1292
1225 1371
1225 1852
1225 2153
1225 2154
1225 1661
1225 1920
1225 2157
1225 1733
1225 1849
1225 1526
1225 2155
1225 1584
1225 1976
1225 2152
1225 1342
1225 1527
1225 2156
1584 2026
1584 1996
1656 2137
1656 1840
1656 2283
1656 2385
1656 1895
1656 2296
1656 1843
1987 1988
1987 1997
1987 1996
1987 2010
1987 2007
1987 1990
1987 1991
1987 1993
1987 1994
1987 1998
1987 1999
1987 2000
1987 2005
1987 1992
1987 2009
1987 2002
1987 2004
1987 2003
1987 2001
1987 2008
1987 1995
1987 1989
1987 2006
