k : 4
Overall running time: 0.004s.
diameter : 3



ans.V.size: 
21 252 254 777 813 873 878 1177 1178 1341 1414 1933 1934 1936 1937 1942 2509 403 508 1301 1543 1941 
252 254
252 1301
252 813
252 508
252 1414
252 1543
252 1934
254 508
254 1414
777 1543
777 1414
813 1301
813 1543
813 1414
873 1414
873 1341
873 1543
878 1414
878 1543
878 1178
878 1936
878 1177
1177 1936
1177 1543
1178 1936
1178 1543
1341 1414
1341 1543
1414 1937
1414 1933
1414 1936
1414 1543
1414 1934
1933 1937
1942 2509
403 1933
403 777
403 1937
403 1414
403 1941
403 1543
403 508
508 1942
508 813
508 1934
508 1301
508 2509
508 1414
508 1941
508 1937
1301 2509
1301 1942
1301 1941
1301 1543
1301 1934
1543 1941
1543 1936
1543 1937
