k : 2
Overall running time: 4.563s.
diameter : 9



ans.V.size: 
1257 2 9 11 12 16 19 20 22 23 26 30 31 33 34 35 37 41 42 44 54 56 57 60 66 73 74 78 88 89 91 92 96 98 99 102 105 106 111 112 115 116 119 121 122 136 150 155 156 157 163 165 170 171 172 174 175 187 192 196 207 212 219 235 240 243 247 253 254 255 259 263 268 269 271 286 291 294 296 299 304 313 315 318 326 327 328 331 333 334 338 345 347 355 358 360 364 365 376 377 384 385 390 397 400 407 409 410 413 416 420 430 431 439 442 446 448 454 455 467 470 485 487 490 494 502 503 504 506 519 525 545 549 553 557 558 563 565 566 568 572 575 578 580 581 587 590 594 597 605 607 610 614 617 623 627 629 631 641 644 646 652 653 658 660 661 666 667 672 676 683 685 686 687 690 694 695 696 705 706 707 709 713 715 729 734 735 737 741 742 743 745 747 749 755 758 759 763 765 773 789 797 798 806 808 809 810 812 815 817 819 820 824 827 828 830 831 832 834 839 850 851 853 854 867 869 877 880 883 890 895 898 903 906 913 915 916 917 920 924 930 935 945 952 956 958 970 971 979 981 984 986 1000 1013 1015 1016 1029 1031 1032 1034 1036 1039 1041 1042 1054 1066 1067 1068 1075 1078 1080 1090 1094 1095 1097 1099 1104 1111 1112 1117 1120 1124 1127 1132 1135 1137 1141 1142 1143 1145 1146 1147 1155 1158 1161 1168 1170 1176 1181 1186 1187 1190 1192 1193 1196 1197 1198 1200 1204 1206 1210 1212 1218 1220 1224 1225 1230 1239 1240 1244 1247 1250 1254 1259 1262 1272 1282 1283 1284 1285 1288 1290 1293 1295 1304 1305 1306 1310 1312 1314 1325 1326 1330 1340 1344 1348 1350 1352 1353 1354 1360 1364 1374 1377 1378 1385 1390 1397 1411 1413 1418 1425 1427 1428 1434 1444 1445 1446 1447 1453 1455 1458 1460 1471 1472 1481 1483 1488 1490 1493 1500 1502 1510 1513 1514 1517 1523 1530 1532 1533 1539 1547 1549 1551 1553 1561 1563 1565 1566 1569 1571 1572 1587 1600 1604 1605 1610 1611 1617 1619 1621 1623 1627 1628 1635 1636 1642 1646 1647 1650 1653 1663 1667 1672 1677 1680 1682 1684 1688 1700 1704 1711 1712 1713 1714 1715 1716 1717 1718 1719 1720 1721 1723 1724 1725 1727 1728 1729 1731 1732 1733 1735 1736 1737 1738 1739 1740 1742 1743 1744 1745 1746 1747 1748 1749 1750 1751 1752 1753 1754 1755 1756 1757 1758 1759 1760 1761 1762 1763 1764 1765 1766 1767 1768 1769 1774 1775 1778 1781 1784 1787 1789 1791 1793 1830 1835 1840 1880 1881 1882 1883 1884 1885 1886 1891 1893 1894 1903 1906 1907 1908 1912 1913 1915 1919 1921 1927 1928 1933 1934 1935 1953 1958 1966 1967 1980 1981 2014 2017 2020 2026 2033 2034 2045 2057 2064 2065 2066 2067 2068 2072 2080 2082 2083 2084 2098 2107 2108 2114 2115 2121 2122 2123 2124 2125 2126 2127 2128 2130 2136 2137 2144 2146 2152 2154 2164 2166 2178 2190 2195 2204 2206 2207 2209 2212 2228 2231 2237 2239 2241 2244 2248 2250 2252 2253 2254 2264 2270 2271 2277 2281 2282 2283 2286 2288 2289 2292 2296 2302 2304 2306 2307 2308 2309 2318 2319 2323 2325 2326 2327 2330 2335 2336 2339 2340 2341 2345 2349 2361 2366 2369 2370 2371 2373 2375 2376 2379 2380 2381 2382 2383 2385 2386 2390 2391 2392 2393 2395 2400 2401 2402 2404 2406 2408 2410 2414 2419 2420 2428 2435 2452 2477 2478 2479 2482 2491 2496 2505 2510 2520 2532 2533 2551 2556 2572 2579 2580 2597 2598 2599 2602 2606 2608 2610 2611 2614 2664 2668 2692 2699 2701 2707 2486 3 21 28 40 46 49 50 69 70 72 80 87 95 97 104 113 125 127 134 139 140 142 151 152 154 160 161 166 176 182 186 190 211 220 225 230 231 237 245 252 280 290 295 303 309 323 330 335 337 339 342 343 350 351 352 353 367 383 387 392 396 402 403 412 427 452 453 460 461 462 471 472 477 481 482 483 488 507 508 511 512 522 531 537 543 550 554 555 567 569 574 577 582 606 609 611 618 621 638 650 656 657 662 674 682 688 691 692 697 717 720 728 744 746 766 771 774 776 777 791 792 793 796 813 836 837 842 846 849 855 856 858 860 873 876 878 881 888 893 897 909 911 919 921 928 938 946 959 964 969 982 991 995 1003 1004 1005 1010 1021 1022 1027 1044 1046 1050 1055 1056 1063 1071 1074 1087 1091 1093 1096 1100 1108 1116 1121 1122 1128 1133 1150 1152 1159 1167 1177 1178 1194 1216 1246 1249 1252 1263 1269 1271 1273 1274 1294 1296 1298 1301 1302 1316 1317 1320 1322 1332 1337 1341 1347 1349 1356 1359 1368 1400 1404 1406 1414 1433 1435 1449 1465 1474 1478 1479 1484 1489 1491 1498 1506 1509 1522 1552 1559 1562 1573 1574 1575 1577 1582 1584 1585 1599 1606 1608 1615 1624 1625 1626 1641 1645 1652 1655 1656 1657 1662 1671 1676 1698 1705 1706 1710 1722 1726 1730 1734 1741 1770 1771 1772 1773 1776 1777 1779 1780 1782 1783 1785 1786 1788 1790 1792 1798 1799 1801 1802 1803 1804 1805 1806 1807 1808 1809 1810 1812 1813 1814 1815 1816 1817 1818 1819 1820 1822 1823 1824 1831 1841 1842 1843 1844 1845 1846 1848 1849 1850 1851 1852 1879 1890 1892 1910 1930 1932 1936 1937 1940 1941 1943 1944 1945 1946 1947 1948 1949 1950 1969 1984 1988 1989 1990 1991 1992 1993 1994 1995 1996 1997 1998 1999 2000 2001 2002 2003 2004 2005 2006 2007 2008 2009 2010 2024 2027 2036 2037 2038 2039 2040 2041 2042 2043 2047 2048 2049 2076 2077 2078 2079 2081 2085 2086 2087 2088 2089 2090 2091 2092 2093 2094 2095 2096 2116 2119 2131 2139 2141 2143 2165 2192 2257 2305 2314 2329 2356 2357 2360 2368 2372 2389 2399 2413 2424 2472 2495 2509 2536 2573 2651 2669 2708 974 1387 1 15 18 55 103 110 177 180 181 198 200 204 229 278 298 305 307 311 312 317 388 418 421 466 520 552 571 599 604 670 723 767 874 900 927 936 961 963 1014 1073 1098 1107 1125 1148 1160 1172 1173 1222 1336 1466 1543 1568 1578 1616 1709 1811 1895 1942 1951 1987 2035 2046 2097 2118 2140 2142 2218 2310 2315 2328 2358 2431 2494 2501 2502 2535 2569 2571 2583 14 25 144 158 159 202 206 216 217 227 232 233 236 262 319 336 344 417 468 533 548 564 634 665 700 730 768 785 870 875 1024 1053 1076 1101 1213 1242 1300 1324 1335 1338 1441 1454 1480 1637 1666 1800 1821 1847 1853 1854 1855 1856 1857 1858 1859 1860 1861 1862 1863 1864 1865 1866 1867 1868 1869 1870 1871 1872 1873 1874 1875 1876 1877 2574 1702 1878 
2 653
2 3
9 1997
11 477
12 1656
12 1840
16 1094
16 2368
16 1272
16 1091
19 2083
19 2146
19 1787
19 140
19 1561
20 1940
22 1044
23 2239
23 40
23 1704
26 2318
26 1302
30 964
31 1359
33 280
33 1851
33 519
34 2122
34 2121
34 2041
35 1359
37 2107
37 1147
37 1553
37 2108
37 1506
37 1782
37 1641
37 2095
41 508
41 867
42 1915
42 597
42 176
44 2400
44 2401
44 964
54 1104
54 1740
54 1359
56 1984
56 1080
56 211
56 652
57 1850
57 1617
57 448
57 413
60 1288
60 1628
60 581
60 1068
60 1726
60 1359
60 610
60 106
66 2419
66 2420
66 1294
66 240
73 1359
73 1104
74 1137
74 1724
74 1746
74 1752
74 877
74 1190
74 1359
74 1036
74 798
78 1804
78 660
88 2165
89 697
89 1733
89 1714
89 1310
89 163
89 2017
89 2395
89 842
89 744
89 1883
89 1848
89 2014
89 416
89 1742
91 1359
91 157
91 156
92 2002
92 331
92 2123
92 2124
92 2381
96 735
96 335
96 1304
96 737
96 694
98 662
98 1354
99 1522
102 1359
105 402
105 1066
106 1722
106 2477
111 1600
111 568
111 1263
112 1170
112 1359
112 1763
112 759
115 2289
115 611
116 974
119 582
119 555
119 1852
119 1539
119 455
119 1617
119 1344
119 2166
121 1843
121 2406
121 817
122 590
122 981
122 2252
122 2253
122 1159
136 2096
150 1656
150 2026
155 1239
155 1340
155 1445
155 1569
155 1359
155 1753
155 1754
155 365
155 820
155 1755
155 327
156 1737
156 1359
156 157
156 1764
157 1764
157 1359
163 1269
165 212
165 211
170 1995
170 2707
171 1359
171 1068
172 776
172 1549
172 791
174 688
174 1359
174 1587
174 1034
175 1743
175 2335
175 1359
187 1320
192 383
192 609
192 1792
192 2386
192 1999
207 2692
212 1910
219 1349
219 793
219 2077
219 734
219 2092
219 1021
219 483
235 611
240 1377
240 2419
240 1760
240 888
240 1910
240 911
243 1132
243 280
243 839
243 2281
247 1688
247 1359
253 974
253 2486
254 508
254 1414
255 508
255 1212
259 1095
259 964
263 1465
263 1352
268 2001
269 1741
269 2452
271 2281
271 1196
271 839
271 1216
271 280
286 503
286 2000
291 1766
291 688
291 2360
291 568
294 2039
296 1177
296 1178
299 1326
299 1096
304 2144
304 1671
304 720
313 1741
313 1611
313 1723
315 2001
315 1624
318 1625
318 1786
326 1849
327 1755
327 1359
328 1326
328 1997
328 2065
328 2064
331 2124
331 1506
333 2004
333 2123
333 666
334 1359
338 1777
338 1500
338 1359
345 662
345 390
345 442
345 855
347 1359
347 1000
355 660
355 1804
358 1359
358 1155
358 658
360 390
360 1621
360 1484
364 1004
365 971
365 1359
365 820
365 1757
376 2402
376 2435
376 964
377 1584
384 734
384 1705
385 1625
385 1624
390 705
390 1078
390 1744
390 1484
390 906
397 1989
397 1218
400 2108
400 1090
400 1770
400 545
407 506
409 1842
409 2057
409 735
410 1625
410 1682
410 2085
413 1850
413 1617
416 1645
416 819
416 1310
416 1848
416 1844
416 1851
416 594
430 2042
430 2045
430 706
430 1619
430 1808
430 2002
430 1890
431 2131
439 1984
442 2095
442 455
442 672
446 1435
448 1850
448 1617
454 1807
454 2307
454 2306
455 2190
455 1662
455 582
455 974
467 1359
467 971
467 1306
467 1739
470 2305
470 621
470 2413
485 543
485 1700
485 2047
485 1776
485 1368
485 2082
487 2668
487 2669
487 2078
490 2391
490 2392
490 1359
494 1760
502 1359
502 1766
504 577
504 2002
506 1181
506 1780
506 1252
506 1561
506 1449
506 2084
506 574
506 1305
506 1259
519 667
519 2424
519 1374
525 553
525 2477
525 1359
525 1170
545 1770
549 2139
549 810
553 1170
553 1359
557 1806
557 1624
558 1726
563 705
563 1484
563 1736
565 1263
565 2477
566 1039
566 1724
566 688
566 1611
568 1263
568 1514
572 697
572 1571
575 577
575 2002
578 850
580 1809
580 995
580 1135
581 1743
581 745
581 1766
581 1759
581 1359
587 1225
590 1625
590 981
590 1159
594 1116
597 1915
605 1915
605 1352
605 1653
607 2361
607 2231
607 1667
610 1042
610 1359
614 1359
617 2366
617 1740
617 1359
623 1003
623 1953
627 1359
629 1726
629 1170
629 1765
631 974
641 766
641 1599
641 1091
641 895
644 1539
644 1168
644 2408
646 1359
652 2024
658 1230
658 1741
658 1730
660 1804
661 1624
666 2123
666 2121
667 1851
672 974
672 2026
676 2357
683 974
683 1225
685 1359
685 1283
687 1359
690 1359
690 1170
690 1293
690 1722
694 1852
695 1479
696 1682
696 1337
696 1013
696 1791
696 1999
705 970
705 1744
705 2114
705 1484
705 1413
707 964
707 806
707 2239
709 837
709 1359
713 851
713 1465
729 2389
729 1071
734 2302
734 1193
734 1295
734 2305
734 2009
734 2304
734 1063
734 1330
734 2292
734 1161
734 1819
734 1818
734 2036
735 2057
735 737
735 1842
737 1842
741 2034
741 1003
742 2094
742 832
742 1283
743 1744
743 1621
743 1484
745 1359
745 1155
747 2007
747 1304
749 1569
749 1170
749 1146
749 1551
749 1104
749 1359
749 1733
755 1359
755 1484
758 1285
758 1359
759 1763
759 1359
763 860
765 797
765 1359
773 909
789 2042
789 2034
789 1953
789 1032
789 2206
797 1104
797 1359
798 2360
798 1359
806 2237
806 964
809 1786
810 1116
812 856
815 2383
815 1159
817 2406
817 1981
817 2283
817 1843
819 2000
820 1359
824 1766
824 1359
824 1170
827 2288
828 2000
830 1817
831 1915
832 1734
832 2094
832 1359
834 2037
834 1642
834 2496
839 1132
839 869
839 2281
850 1994
851 1465
853 1801
854 1763
854 1170
854 1359
867 1050
869 2277
869 1845
869 1196
877 1359
880 1559
883 1359
890 1831
895 1846
895 2368
898 1984
898 1411
898 1908
898 2296
903 1285
903 1605
903 1359
906 1484
906 1621
906 1283
913 2131
916 2598
916 1036
916 1741
917 1027
920 1359
930 1359
935 2357
945 2139
952 1359
956 1915
956 1483
958 1155
958 1359
958 1758
958 2084
970 1484
970 1736
970 1744
971 1359
971 2366
979 1359
981 1624
981 1368
984 2131
986 1359
986 1074
986 1150
1000 1359
1013 1798
1013 1682
1013 1337
1015 1559
1016 1619
1016 1790
1016 2264
1016 1789
1016 1453
1032 1953
1036 1434
1036 1741
1036 1802
1039 1359
1041 1766
1041 1170
1041 1359
1042 1359
1042 2391
1042 1244
1054 1406
1066 2212
1066 1097
1066 1700
1067 1575
1068 2308
1068 1831
1075 1676
1075 1502
1075 1677
1078 1484
1078 2114
1080 1915
1090 1553
1090 2087
1094 2368
1094 1599
1094 1272
1095 1444
1099 1478
1099 2068
1099 2067
1104 1481
1104 1719
1104 1124
1104 1749
1104 1285
1104 1761
1104 1359
1111 2026
1111 1121
1111 1225
1111 2296
1112 1120
1112 1274
1112 2127
1112 2126
1112 2130
1117 1224
1120 2125
1120 2128
1120 1274
1120 2127
1120 2130
1120 2126
1120 1698
1124 1359
1127 1824
1132 2281
1132 1216
1132 1539
1132 1225
1132 1656
1132 2283
1132 1910
1132 2282
1137 1190
1137 2360
1143 2327
1145 1246
1145 1624
1146 1170
1146 1359
1147 1506
1155 1715
1155 1743
1155 1716
1155 1359
1158 2241
1170 1735
1170 1359
1170 1720
1170 1732
1170 1715
1170 1721
1170 2477
1170 1738
1176 2360
1181 1305
1186 1993
1187 2536
1190 1359
1190 2360
1192 2340
1192 1559
1197 1625
1197 1368
1198 1999
1198 1792
1200 1717
1200 1600
1204 1411
1204 1843
1204 1216
1206 1762
1206 1359
1210 1738
1210 1359
1225 1852
1225 1733
1225 1849
1225 2154
1225 2152
1225 1584
1230 1359
1230 1750
1230 1385
1230 1628
1239 1359
1244 1359
1250 1484
1262 2131
1272 2368
1282 1359
1282 1749
1282 1747
1283 1777
1283 1284
1283 1736
1283 2325
1283 1484
1284 1777
1284 2325
1285 1359
1285 1605
1288 1359
1290 1706
1290 1623
1293 1359
1304 2164
1306 1359
1310 1742
1310 1883
1310 1626
1312 1314
1312 2081
1314 2408
1325 2036
1326 2248
1326 2064
1340 1754
1340 1359
1344 1646
1344 2166
1348 1998
1350 1635
1352 2283
1360 1465
1360 1915
1364 1414
1377 1849
1378 2389
1378 1841
1390 2598
1397 2395
1397 1400
1411 1656
1413 1484
1413 1736
1413 1744
1418 1704
1418 1453
1418 1530
1425 1814
1427 1752
1428 1743
1428 1726
1434 2360
1444 2241
1444 2400
1446 1447
1460 2081
1472 1647
1488 1502
1488 1850
1493 1766
1500 1777
1502 1677
1513 2024
1513 2146
1514 1831
1523 1698
1532 1890
1539 1843
1547 1805
1551 2084
1553 1779
1561 1624
1563 1766
1565 1773
1565 1787
1566 2366
1569 1730
1610 1792
1610 1913
1610 1791
1617 1850
1619 1790
1628 1741
1642 2496
1653 1849
1663 1667
1663 2399
1663 2382
1667 2382
1672 2137
1672 1969
1672 1930
1677 1915
1680 2141
1682 2319
1688 1722
1704 1907
1704 2239
1704 1967
1704 1969
1712 1732
1712 1766
1712 1731
1713 1726
1715 1728
1718 1732
1720 1766
1721 1766
1724 1725
1729 2556
1732 1756
1735 2598
1736 1777
1736 2325
1737 1764
1739 2366
1740 1751
1740 1767
1743 2308
1743 1759
1743 1750
1744 2114
1745 1766
1746 2597
1751 1767
1751 1766
1752 2597
1753 1755
1756 1766
1758 2452
1768 1784
1769 2326
1774 1790
1774 1781
1778 2144
1793 2486
1830 1903
1835 2360
1885 1886
1891 2131
1906 1915
1907 1908
1915 2389
1915 1919
1915 1921
1921 1927
1927 2190
1928 1930
1933 1937
1953 2207
1953 2206
1980 1981
1980 2406
1981 2406
2017 2072
2026 2027
2066 2068
2066 2067
2067 2123
2115 2520
2115 2510
2122 2123
2123 2124
2124 2381
2125 2126
2125 2127
2125 2128
2126 2127
2128 2131
2136 2283
2152 2424
2178 2368
2178 2372
2212 2357
2239 2241
2241 2400
2248 2510
2252 2253
2264 2491
2270 2271
2271 2376
2282 2406
2288 2289
2306 2307
2339 2556
2340 2341
2361 2579
2369 2371
2370 2371
2390 2452
2391 2452
2391 2392
2392 2452
2393 2452
2400 2435
2402 2435
2510 2520
2602 2610
2668 2669
2707 2708
3 1987
3 1455
3 1667
3 333
21 2375
21 1073
21 2270
21 2271
21 2376
28 607
28 1811
28 2579
28 2361
40 1523
40 1533
40 1635
40 2358
40 1966
40 1350
46 734
46 1987
46 2304
46 2668
46 2669
46 1220
49 1032
49 2206
49 2472
49 599
49 1663
49 2207
49 2042
49 715
49 1667
50 2035
50 1667
69 1987
69 392
69 1359
70 605
70 2190
70 1921
70 1014
70 1915
70 1352
70 1927
72 1987
72 207
72 2692
80 604
80 2098
87 1337
87 2296
87 430
87 2035
95 1650
95 2491
95 587
95 196
95 935
95 676
95 2356
95 2358
95 1967
95 734
95 2264
97 2218
104 140
104 609
104 307
104 1791
104 1776
104 485
113 1624
113 307
113 2081
113 488
125 307
125 1623
125 2479
125 1368
127 1624
127 307
127 237
127 2046
127 2080
127 1552
134 1624
134 2083
134 400
134 2046
134 1778
134 1785
134 453
134 1671
139 237
139 1777
139 307
140 1781
140 661
140 911
140 2046
140 307
140 1624
142 1003
142 741
142 2035
151 1943
151 915
151 311
152 2336
152 2237
152 1987
152 2239
154 460
154 307
154 237
154 2046
154 1624
160 181
160 2309
161 2010
161 2001
161 554
161 278
161 1987
161 746
161 744
166 1474
166 599
166 2708
166 2707
176 956
176 2136
176 1915
176 597
176 2389
176 2218
182 1465
182 1360
182 1014
182 1684
186 2004
186 298
190 1263
190 1073
190 565
190 1510
211 1615
211 1627
211 1908
211 1672
211 1907
211 1906
211 1080
211 2310
220 1414
220 508
220 1543
225 1811
225 2035
230 1054
230 1406
230 1895
230 2119
231 1096
231 550
231 578
231 1218
231 1811
237 307
237 2047
237 2079
237 1573
237 2080
237 2046
237 1073
245 1359
245 1611
245 566
245 1073
252 254
252 1414
252 813
252 508
252 1301
252 1543
252 1934
280 2345
280 305
280 2281
280 839
280 1196
280 2166
280 503
280 2424
280 667
290 1359
290 1723
295 307
295 2048
303 1159
303 307
303 720
303 1254
303 351
309 2046
309 1671
309 351
309 1254
330 1799
330 2599
335 694
335 1014
337 1951
337 1945
339 1414
339 1935
339 1543
342 1359
342 2046
342 614
342 1390
342 1547
343 1073
343 1513
350 2428
350 420
350 466
351 2090
351 407
351 1641
351 1624
351 2086
351 2085
351 1779
351 657
351 1783
351 2091
351 1776
352 1811
353 1295
353 1945
367 554
367 1584
367 746
367 1987
383 2035
383 1204
387 2115
387 2116
387 2118
392 1987
392 494
392 2366
396 641
396 1148
396 2368
402 1066
402 734
402 1161
402 1097
403 1543
403 1937
403 508
403 1933
403 777
403 1414
403 1941
412 1578
412 2610
412 1489
412 1097
427 1806
427 488
427 1783
427 1773
427 1790
427 1778
452 936
452 2286
452 672
453 1259
453 1624
460 1624
460 1682
461 1990
461 2533
461 1987
462 1204
462 2310
471 1098
471 855
471 858
471 653
471 1116
472 1014
472 2014
472 2395
477 1987
477 1801
477 1141
481 688
481 599
481 1711
481 2360
481 1427
481 2373
482 824
482 1811
482 2292
482 1288
483 1813
483 2231
483 1808
483 2309
483 1815
483 2308
483 1811
483 791
488 1799
488 2081
488 1773
488 656
488 860
488 2027
488 1783
488 1706
488 1774
507 1014
507 1915
507 1353
507 1919
508 1212
508 813
508 1942
508 1934
508 1177
508 2509
508 1937
508 1364
508 1301
508 1941
508 1414
508 1932
511 1014
511 1172
511 1132
512 1811
512 550
522 599
531 1506
531 2095
531 1014
537 568
537 1895
543 1246
543 1624
550 1498
550 1811
554 1128
554 746
554 2010
554 1996
554 1584
555 686
567 1987
567 1908
569 1117
569 1224
569 1811
574 1314
574 644
574 2408
577 1811
577 2349
577 666
582 1617
582 1624
582 1793
606 1108
606 2535
609 2081
609 1624
611 2482
611 2288
611 2289
611 827
618 2035
618 706
621 924
621 2535
638 1642
650 1172
650 1458
656 2081
657 2091
662 1883
662 1354
662 1881
662 1046
662 1879
662 1029
662 808
662 936
662 1884
662 1886
662 1882
662 1885
662 831
662 1880
674 1987
674 1908
682 1172
682 1987
682 1447
682 1446
688 1722
688 1547
688 1611
688 1359
688 1172
688 1726
688 1587
688 2373
688 1034
688 2360
688 1711
692 2035
692 2131
697 1571
717 1811
717 1822
717 2410
720 1811
720 1624
728 1387
728 2571
744 1987
744 746
744 1571
744 1240
746 1987
746 2010
746 1128
746 1996
766 1148
766 2368
771 1895
771 2118
774 1073
774 1506
776 2076
777 1414
777 1543
791 1811
791 1549
792 2131
792 2035
793 1987
793 2556
793 1559
793 1489
796 1646
796 1811
813 1414
813 1543
813 1301
836 1811
836 1122
836 1655
836 1135
837 1014
837 1344
837 2079
837 2404
837 1573
837 1132
842 2035
849 986
849 1374
855 1098
855 1885
855 936
855 858
856 2494
858 1247
858 1098
860 2097
860 1200
860 1031
873 1414
873 1341
873 1543
876 1951
876 915
876 1946
876 1943
878 1414
878 1543
878 1178
878 1177
878 1301
878 1936
881 974
881 1014
888 1624
888 911
888 1625
893 1951
909 1014
911 2086
911 1624
919 2066
919 1099
919 1543
921 1894
928 2141
928 1317
938 1181
938 1305
938 2097
946 1912
946 1513
946 2389
946 1073
959 1073
959 1799
964 2402
964 2241
964 1418
964 2401
964 1704
964 1444
964 1095
964 2435
964 1142
964 2400
964 1786
964 1158
969 1604
969 1987
982 1222
982 1160
991 1055
991 1543
995 1220
995 2310
995 1330
1003 2034
1003 2035
1003 1953
1004 2608
1004 1374
1004 1688
1005 1811
1005 1490
1010 2097
1021 2076
1021 2668
1021 2078
1022 2310
1027 1304
1027 2035
1027 2532
1044 2310
1046 1774
1046 1572
1050 2611
1050 1895
1050 1433
1055 1578
1055 1606
1055 1951
1055 1433
1055 1100
1056 1578
1063 1811
1063 1193
1071 1830
1071 1359
1071 1471
1071 1726
1071 1073
1071 1168
1074 2164
1087 1125
1087 2580
1087 2248
1091 1148
1091 2368
1091 1094
1091 1599
1091 1272
1093 1107
1093 2502
1093 1172
1096 1811
1096 1987
1096 2614
1096 1326
1100 1578
1100 1608
1108 2244
1108 2380
1108 1811
1116 1530
1116 2277
1121 2026
1121 1584
1121 2195
1122 1132
1122 1811
1122 2137
1122 1411
1122 1656
1128 1584
1128 1987
1150 1987
1150 1895
1150 1359
1152 2571
1152 2701
1159 1636
1159 2252
1159 2253
1159 2383
1167 1987
1167 2583
1177 1543
1177 1936
1178 1543
1178 1936
1194 1706
1216 1895
1246 2081
1246 1771
1249 1652
1249 2046
1252 1449
1252 1624
1263 1510
1269 1930
1269 2310
1271 1623
1271 2035
1273 1951
1273 1946
1273 1948
1274 2127
1274 2130
1274 2125
1274 2035
1274 2126
1294 2419
1296 1988
1301 2509
1301 1942
1301 1941
1301 1543
1301 1934
1302 1543
1302 2141
1302 1316
1302 1317
1317 1680
1320 2035
1322 2502
1332 1577
1332 1811
1337 2034
1337 1453
1337 2035
1337 2033
1337 1798
1341 1944
1341 1414
1341 1543
1347 1671
1349 2606
1349 2164
1349 1811
1356 1958
1359 1766
1359 1755
1359 1732
1359 1605
1359 1757
1359 1484
1359 1748
1359 1712
1359 1730
1359 1563
1359 1741
1359 1747
1359 1744
1359 1724
1359 1739
1359 1600
1359 1767
1359 1761
1359 1647
1359 1472
1359 1551
1359 1718
1359 1709
1359 2598
1359 1763
1359 1710
1359 1743
1359 1738
1359 1445
1359 1760
1359 1751
1359 1481
1359 1765
1359 1711
1359 1493
1359 1750
1359 1500
1359 1731
1359 1740
1359 1745
1359 1713
1359 1714
1359 1547
1359 1715
1359 1716
1359 1717
1359 1719
1359 1722
1359 1385
1359 1517
1359 1720
1359 1566
1359 1733
1359 1721
1359 1621
1359 1723
1359 1725
1359 1726
1359 1390
1359 1727
1359 1728
1359 1729
1359 1734
1359 1735
1359 1736
1359 1569
1359 1737
1359 1742
1359 1746
1359 1749
1359 1752
1359 1753
1359 1754
1359 1756
1359 1758
1359 1759
1359 1762
1359 1764
1368 2081
1368 1585
1368 2144
1368 1779
1368 1657
1400 1502
1400 2395
1400 2310
1400 2228
1404 2318
1406 1895
1406 1509
1414 1935
1414 1937
1414 1936
1414 1933
1414 1543
1414 1934
1414 1932
1433 1951
1433 2664
1435 1987
1449 2046
1449 2035
1465 1483
1465 1684
1465 1915
1474 2707
1474 2708
1478 2067
1478 1543
1478 2068
1479 1903
1484 2209
1484 1621
1484 2084
1484 1727
1484 1736
1484 2114
1484 1744
1489 2602
1491 2086
1491 2328
1498 2035
1506 1789
1506 1625
1506 2087
1506 1553
1506 2108
1506 1700
1506 1802
1509 2118
1509 1895
1559 2339
1559 2340
1559 1987
1559 2341
1562 1624
1573 1777
1574 2699
1575 1987
1577 1811
1582 1820
1582 1811
1584 2026
1584 1996
1585 1799
1599 2368
1606 2664
1606 1951
1615 1672
1615 2035
1624 1769
1624 1774
1624 1777
1624 1770
1624 1776
1624 1778
1624 1781
1624 1784
1624 1773
1624 1779
1624 1775
1624 1772
1624 1768
1624 1782
1624 1785
1624 1783
1624 1780
1624 1771
1625 1786
1625 1778
1625 1781
1625 1788
1625 1780
1625 1706
1625 1779
1625 1787
1625 1789
1626 1730
1652 2046
1655 2035
1655 1953
1656 2137
1656 1895
1656 1840
1656 2385
1656 2283
1656 2296
1656 1843
1657 1799
1662 1852
1676 1677
1676 1915
1698 2254
1698 1987
1705 1913
1705 1987
1705 2078
1706 2082
1706 2323
1710 1987
1710 2366
1710 1740
1710 1739
1722 2477
1722 1762
1726 2598
1726 1741
1726 2414
1726 1746
1726 2335
1726 1735
1726 2597
1741 2392
1741 1805
1741 2390
1741 2391
1741 2393
1771 2081
1772 1779
1773 1783
1773 2046
1777 2079
1777 2046
1777 2325
1779 2328
1780 2319
1782 2108
1782 1999
1783 1799
1783 2327
1785 2046
1785 2097
1788 1811
1788 2046
1788 2144
1792 2046
1798 2089
1802 2452
1802 2204
1803 2080
1805 2452
1807 1810
1808 2035
1809 1811
1810 1811
1812 1823
1813 2035
1813 1987
1813 2551
1816 1951
1819 2306
1819 2307
1820 1949
1831 2046
1841 2072
1842 2057
1843 2282
1843 1980
1843 2406
1843 1981
1845 2277
1849 2420
1849 1910
1850 1915
1852 2486
1879 2257
1890 1892
1890 1891
1890 1894
1890 2040
1890 2131
1890 1893
1890 2035
1892 2131
1892 2035
1910 2306
1930 2035
1945 1951
1945 1946
1945 1947
1946 1948
1946 1947
1947 1951
1948 1951
1949 1951
1969 2035
1984 2035
1988 2005
1988 2510
1992 2326
1997 2065
1997 2064
1998 2413
1999 2327
2002 2045
2002 2122
2002 2003
2002 2336
2002 2004
2002 2381
2002 2382
2002 2380
2002 2349
2002 2124
2002 2379
2003 2380
2004 2124
2007 2478
2009 2302
2010 2026
2024 2218
2027 2046
2027 2097
2040 2043
2041 2121
2041 2123
2047 2049
2076 2077
2076 2078
2076 2668
2076 2669
2076 2092
2077 2668
2077 2078
2086 2090
2087 2095
2095 2107
2096 2146
2096 2330
2096 2505
2116 2520
2116 2118
2131 2250
2165 2218
2165 2283
2305 2386
2356 2358
2356 2357
2357 2358
2360 2373
2368 2370
2368 2371
2368 2372
2368 2369
2399 2494
2472 2494
2495 2496
974 1143
974 2017
974 2020
974 1073
974 1584
974 2154
1387 2571
1387 2572
1 1863
1 2583
1 634
15 2076
15 2035
15 159
15 2669
15 2078
18 2141
18 25
18 928
18 1316
18 1317
55 768
55 402
103 2257
103 1872
103 1562
103 1252
103 110
103 1449
103 1879
103 1624
110 1046
110 1786
110 1773
110 1625
110 1662
110 2094
110 319
110 134
110 2095
110 2093
110 1770
110 290
110 237
110 1347
110 177
110 1780
110 520
110 1999
110 1806
110 427
110 2096
110 564
110 1788
110 611
110 1338
110 154
110 460
110 307
110 2046
110 1790
110 125
177 232
177 974
180 1987
180 198
180 232
181 1808
181 2038
181 792
181 776
181 1021
181 2077
181 2005
181 791
198 232
198 2413
200 1870
200 421
204 855
204 1870
204 858
204 964
204 1116
229 1872
229 1359
229 323
229 849
229 1722
278 697
278 974
278 554
278 1870
298 1543
298 599
298 900
305 2424
305 1173
305 1858
307 1194
307 720
307 1652
307 1573
307 2047
307 309
307 1772
307 2088
307 1585
307 959
307 1798
307 1552
307 1641
307 1799
307 1246
307 2085
307 1771
307 2087
307 574
307 656
307 974
307 2086
307 427
307 1073
307 520
307 453
307 1010
307 1484
307 1800
307 2046
307 2079
307 657
307 1368
307 1657
307 1788
307 1159
307 1805
307 1252
307 555
307 1803
307 582
307 477
307 1706
307 418
307 1780
307 911
307 2091
307 2049
307 1783
307 1857
307 1782
307 1347
307 1806
307 1776
307 2092
307 2090
307 488
307 330
307 2081
307 888
307 1046
307 351
307 1773
307 2089
307 609
307 1491
307 543
311 1946
311 1273
311 1951
311 353
311 1816
311 1582
311 1332
311 991
311 1948
311 893
311 1947
311 876
311 1949
311 1950
311 1242
311 1945
312 1866
312 344
312 1133
312 691
317 1074
317 921
317 1822
317 1298
317 1869
317 2005
317 846
317 599
317 767
388 520
388 2192
418 1073
418 2035
418 2495
418 1872
421 1870
466 1870
466 897
466 2305
466 1404
520 1347
520 837
520 599
520 2046
520 1999
520 1987
520 1671
520 1575
552 2389
571 2431
599 2139
599 767
599 1108
599 1004
599 1300
599 1871
599 1824
599 1474
599 1865
599 846
599 1101
599 1574
599 1876
599 1298
599 2708
599 1302
599 969
599 1637
599 638
599 1822
599 870
604 1249
604 796
604 1874
604 2046
604 1822
604 717
670 1125
670 1087
670 730
723 1274
723 1568
723 1875
723 2502
723 2501
767 1869
767 846
767 1298
874 1480
874 1359
874 1709
874 2314
900 1859
900 1056
900 1987
927 1863
936 1874
936 974
961 2651
961 1777
963 1809
963 1666
963 1810
963 1807
963 1811
963 1063
963 1808
1014 1584
1014 1843
1014 1846
1014 1841
1014 1730
1014 1662
1014 1847
1014 2046
1014 1121
1014 1676
1014 1294
1014 1849
1014 1645
1014 1845
1014 1522
1014 1850
1014 1848
1014 1626
1014 1404
1014 1844
1014 1842
1014 1851
1014 1852
1014 1465
1073 1799
1073 1798
1073 1359
1073 1803
1073 1484
1073 1734
1073 1785
1073 1479
1073 1804
1073 1741
1073 1805
1073 1806
1073 1801
1073 1802
1073 1506
1073 1726
1073 1800
1073 1263
1098 1870
1098 1116
1107 2502
1107 1875
1148 2372
1148 1866
1148 2368
1148 1599
1160 2535
1172 1356
1172 2360
1172 1856
1172 1910
1172 1296
1222 1950
1222 1578
1222 1608
1336 2091
1336 2088
1336 1857
1466 1800
1466 1489
1543 1943
1543 1936
1543 1942
1543 1578
1543 1944
1543 1937
1543 1608
1543 1941
1543 1940
1543 1932
1568 1655
1568 1875
1568 2501
1616 1666
1709 1858
1709 2315
1709 2314
1811 1812
1811 1813
1811 1816
1811 1822
1811 1815
1811 1824
1811 1817
1811 1821
1811 1820
1811 1818
1811 1823
1811 1870
1811 1814
1811 1819
1895 2119
1895 2035
1895 2118
1942 2509
1987 1988
1987 1996
1987 2010
1987 2006
1987 1989
1987 1990
1987 1991
1987 1993
1987 1994
1987 1998
1987 2000
1987 2005
1987 1992
1987 2009
1987 2002
1987 2004
1987 2003
1987 2001
1987 2008
1987 1995
1987 2007
1987 1997
1987 1999
2035 2037
2035 2042
2035 2039
2035 2043
2035 2038
2035 2131
2035 2041
2035 2040
2035 2036
2046 2047
2046 2048
2046 2049
2118 2119
2140 2141
2140 2142
2142 2143
2328 2329
2535 2536
2571 2574
2571 2573
14 1702
14 1811
25 2142
25 599
25 1702
25 1637
25 202
25 2140
144 599
144 317
144 1702
158 599
158 1702
158 2494
158 1871
159 2035
159 181
159 1702
202 2431
202 1987
202 298
202 599
202 571
202 1702
206 1870
206 1702
216 1702
216 1987
216 2046
217 1702
217 1543
227 1702
232 388
232 1702
232 233
232 552
232 2218
232 1869
233 1702
233 1987
233 1865
233 870
236 1702
262 874
262 1702
262 1480
262 1895
319 2046
319 564
319 1702
336 1702
336 1987
344 1702
417 520
417 1702
468 1173
468 1709
468 1702
533 1702
533 1864
548 1702
548 599
564 2046
564 1702
564 1338
634 1867
634 1702
665 1702
700 1702
700 2328
700 2046
730 1160
730 1222
730 1702
730 2535
768 874
768 2315
768 1702
785 1702
785 961
870 1702
870 1865
870 1441
875 1702
1024 1987
1024 2569
1024 1702
1053 1702
1076 1702
1076 1125
1101 1702
1213 1702
1242 1951
1242 1702
1300 1811
1300 1702
1324 1702
1335 1543
1335 1578
1335 1942
1335 1951
1335 1702
1338 2046
1338 1702
1441 1702
1454 1702
1454 1987
1480 1702
1480 1895
1637 1702
1637 2142
1637 2140
1666 2035
1666 1702
1821 1874
1847 2118
1847 1868
1847 2358
1853 2046
1857 2046
1857 2097
1860 1987
1863 2583
1868 2118
1870 2310
1871 1987
1874 1987
1875 2501
1875 2502
1876 1987
1877 1987
1702 1874
1702 1876
1702 1857
1702 1800
1702 1861
1702 1870
1702 1875
1702 1858
1702 1821
1702 1859
1702 1860
1702 1862
1702 1863
1702 1867
1702 1864
1702 1847
1702 1856
1702 1873
1702 1878
1702 1871
1702 1872
1702 1869
1702 1868
1702 1855
1702 1854
1702 1853
1702 1877
1702 1866
1702 1865
1878 2574
