k : 2
Overall running time: 17.185s.
diameter : 8



ans.V.size: 
1132 3 5 7 12 14 15 17 21 26 28 33 46 47 50 53 57 59 61 65 66 72 77 87 94 95 98 99 103 104 106 110 111 113 116 121 122 125 127 131 134 137 139 140 142 147 152 154 159 161 165 176 177 180 189 190 202 205 211 212 216 219 224 225 230 231 233 237 243 253 256 263 264 269 271 275 277 278 280 281 282 286 291 295 301 302 303 305 306 309 313 315 317 318 319 320 323 324 325 326 329 330 336 343 345 351 352 357 360 367 373 377 383 385 389 392 400 404 406 408 409 410 413 427 438 439 440 442 447 448 450 452 453 457 460 461 462 465 466 468 477 479 481 482 483 488 494 503 505 506 512 515 520 526 527 534 535 537 541 543 545 550 554 555 557 558 559 563 564 566 567 569 570 572 573 574 577 579 590 594 599 601 604 605 609 611 616 618 620 622 629 630 631 644 650 651 652 656 657 658 661 667 674 682 692 694 696 698 700 703 705 712 713 717 719 720 725 729 733 734 735 737 739 742 743 746 747 748 750 752 753 761 764 768 769 770 771 772 773 774 788 791 792 793 796 801 808 815 816 818 823 826 828 831 835 836 839 843 848 849 851 852 859 860 861 862 868 872 884 892 895 898 900 906 916 922 926 934 936 937 946 949 951 959 961 962 963 967 969 970 978 980 981 994 996 999 1003 1005 1008 1009 1010 1012 1013 1016 1024 1027 1028 1029 1030 1034 1036 1046 1050 1063 1068 1070 1074 1075 1078 1086 1093 1096 1108 1115 1128 1134 1137 1140 1143 1144 1145 1149 1151 1156 1165 1167 1168 1175 1194 1197 1200 1205 1215 1219 1221 1240 1246 1249 1250 1252 1255 1257 1263 1268 1269 1270 1271 1274 1275 1284 1286 1289 1296 1300 1307 1308 1309 1315 1318 1320 1332 1334 1337 1338 1339 1344 1345 1347 1349 1352 1353 1354 1356 1358 1360 1363 1368 1375 1377 1378 1383 1395 1396 1397 1400 1403 1406 1411 1413 1421 1422 1427 1428 1431 1435 1442 1449 1454 1464 1467 1469 1471 1479 1482 1483 1487 1488 1491 1496 1498 1499 1501 1503 1506 1507 1508 1509 1516 1518 1521 1552 1558 1559 1561 1562 1571 1573 1575 1581 1582 1585 1587 1590 1602 1603 1607 1610 1611 1613 1615 1618 1628 1629 1630 1631 1633 1636 1638 1639 1641 1652 1653 1655 1657 1659 1666 1668 1671 1672 1677 1678 1679 1682 1684 1686 1688 1690 1691 1695 1696 1697 1698 1702 1705 1706 1768 1769 1770 1771 1772 1773 1774 1775 1776 1778 1779 1780 1781 1782 1783 1784 1785 1786 1787 1788 1789 1791 1792 1793 1799 1800 1801 1802 1803 1804 1805 1806 1808 1809 1810 1812 1813 1814 1815 1816 1817 1818 1819 1820 1821 1822 1823 1824 1825 1827 1830 1831 1834 1839 1840 1853 1856 1857 1858 1860 1868 1870 1871 1872 1874 1876 1877 1879 1881 1882 1883 1884 1885 1886 1887 1888 1889 1890 1892 1893 1896 1899 1900 1901 1902 1906 1909 1913 1915 1917 1918 1919 1921 1922 1923 1924 1925 1926 1927 1929 1930 1931 1958 1969 1973 1975 1977 1984 1985 1988 1989 1990 1991 1992 1993 1994 1995 1996 1997 1998 1999 2000 2001 2002 2003 2004 2005 2006 2007 2008 2009 2011 2013 2014 2015 2018 2019 2020 2022 2023 2025 2027 2028 2029 2031 2036 2037 2038 2039 2040 2041 2042 2043 2047 2048 2049 2051 2053 2055 2057 2060 2072 2073 2075 2079 2081 2084 2085 2086 2087 2088 2089 2090 2091 2092 2094 2095 2103 2104 2106 2110 2111 2113 2118 2119 2131 2132 2133 2134 2136 2138 2163 2164 2166 2167 2168 2169 2170 2173 2176 2181 2182 2184 2186 2189 2191 2195 2198 2199 2200 2201 2202 2209 2213 2216 2217 2221 2222 2229 2232 2233 2234 2252 2253 2258 2264 2275 2277 2281 2282 2283 2284 2288 2292 2295 2305 2306 2308 2310 2313 2314 2315 2318 2320 2321 2322 2324 2335 2344 2345 2348 2358 2360 2361 2366 2367 2373 2383 2385 2386 2389 2390 2391 2392 2393 2396 2397 2398 2404 2406 2414 2416 2417 2419 2420 2422 2424 2440 2441 2442 2443 2444 2445 2446 2447 2448 2449 2452 2461 2467 2477 2486 2493 2495 2504 2515 2516 2526 2529 2547 2554 2556 2557 2559 2561 2585 2594 2597 2600 2613 2615 2617 2628 2643 2644 2652 2653 2686 56 390 425 434 484 669 817 879 886 1040 1043 1333 1436 1528 1567 1577 1593 1979 1981 1983 2016 2100 2114 2426 2451 869 1978 1982 31 35 54 60 62 69 70 73 74 75 89 91 96 102 112 119 150 155 156 157 163 171 174 175 182 192 229 245 247 262 290 307 327 334 335 338 342 347 358 365 416 418 437 455 467 472 490 491 502 507 511 525 531 540 553 581 582 587 610 614 617 627 646 662 672 683 685 687 688 690 697 709 738 744 745 749 755 758 759 765 779 780 797 798 819 820 824 827 832 837 842 854 874 877 881 883 888 903 909 911 920 930 952 958 971 974 979 986 1000 1039 1041 1042 1071 1073 1080 1081 1104 1111 1119 1121 1122 1124 1146 1150 1153 1155 1157 1159 1170 1172 1190 1204 1206 1210 1216 1223 1230 1239 1244 1282 1283 1285 1288 1292 1293 1294 1304 1306 1310 1340 1342 1371 1385 1390 1404 1445 1465 1472 1480 1481 1493 1500 1517 1522 1526 1527 1536 1539 1547 1551 1563 1566 1569 1584 1588 1600 1605 1617 1621 1624 1625 1626 1645 1647 1656 1661 1662 1676 1683 1709 1710 1711 1712 1713 1714 1715 1716 1717 1718 1719 1720 1721 1722 1723 1724 1725 1726 1727 1728 1729 1730 1731 1732 1733 1734 1735 1736 1737 1738 1739 1740 1741 1742 1743 1744 1745 1746 1747 1748 1749 1750 1751 1752 1753 1754 1755 1756 1757 1758 1759 1760 1761 1762 1763 1764 1765 1766 1767 1777 1798 1842 1843 1844 1846 1847 1848 1849 1850 1851 1852 1895 1910 1920 1928 1974 1976 1987 2010 2012 2026 2035 2046 2137 2152 2153 2154 2155 2156 2157 2179 2183 2190 2294 2296 2325 2395 2598 240 499 1132 1417 1484 1495 1811 1841 1845 1880 1980 2017 1014 1359 1225 
3 1987
5 1762
5 2176
5 1257
7 1417
7 1603
7 1043
12 1656
12 1840
14 1811
14 1702
15 2035
15 159
17 1633
17 2445
17 2643
17 971
21 1073
26 2012
26 2318
26 1345
28 1811
28 2361
33 1851
33 1974
33 280
46 1987
46 734
47 1605
47 2367
50 2035
53 2173
53 2183
53 1140
57 1850
57 1617
57 413
57 448
59 1716
61 1528
65 1738
65 2617
65 1210
66 2419
66 1629
66 2022
66 2420
66 620
66 1157
66 772
66 240
66 1294
72 1987
77 2179
77 2019
77 89
87 2035
87 2296
87 1337
94 1496
94 951
94 2152
95 2264
95 587
95 2358
95 734
98 662
98 1354
99 1522
103 1872
103 1562
103 1252
103 110
103 1449
103 1879
103 1624
104 140
104 609
104 1776
104 307
104 1791
106 1722
106 2477
106 2652
110 1773
110 1625
110 1662
110 319
110 134
110 2095
110 1770
110 290
110 237
110 1347
110 125
110 2046
110 307
110 611
110 1780
110 564
110 1788
110 2094
110 1338
110 154
110 460
110 1806
110 427
110 1786
110 1046
110 520
110 1999
110 177
111 1600
111 1263
113 1624
113 307
113 2081
113 488
116 974
121 484
121 817
121 2406
121 1843
121 515
122 590
122 981
122 2252
122 2253
122 1159
125 307
125 1368
127 1624
127 307
127 237
127 1552
127 2046
131 2018
131 1983
134 1624
134 400
134 2046
134 1778
134 1785
134 453
134 1671
137 832
139 237
139 1777
139 307
140 661
140 1781
140 2046
140 911
140 307
140 1624
142 1003
142 2035
147 1469
147 1928
147 898
147 2060
152 1987
154 460
154 307
154 237
154 2046
154 1624
159 2035
159 1702
161 2001
161 746
161 1987
161 2010
161 554
161 744
161 278
165 211
165 212
176 2389
176 2136
176 1915
177 974
180 1987
189 1170
189 1728
190 1263
190 1073
202 599
202 1987
202 1702
205 416
211 1672
211 2310
211 1080
211 1906
211 1615
212 1910
212 357
212 1909
212 1395
216 1702
216 1987
216 2046
219 734
219 2092
219 1383
219 1349
219 793
219 483
224 1155
224 1762
224 745
225 1811
225 2035
230 1406
230 1895
230 2119
231 1811
231 550
231 1096
233 1987
233 1702
237 2079
237 1573
237 2046
237 1073
237 2047
237 307
243 280
243 1132
243 839
243 2281
253 2486
253 974
253 1974
253 712
256 2113
256 1344
263 1352
263 1465
264 365
264 1104
264 733
269 1741
269 2452
271 2281
271 839
271 280
271 1216
275 750
275 749
277 2134
277 1696
277 1464
278 974
278 1870
278 554
278 697
280 2345
280 305
280 2281
280 839
280 2166
280 503
280 2424
280 667
281 2156
281 1536
282 747
282 1383
286 2000
286 503
291 1766
291 688
291 329
291 2360
295 307
295 2048
301 416
302 1170
302 2493
303 720
303 307
303 351
303 1159
305 2424
305 1858
306 1417
306 1928
309 2046
309 1671
309 351
313 1741
313 1723
313 1611
315 1624
315 2001
317 1822
317 1074
317 2005
317 599
318 1625
318 1786
319 2046
319 564
319 1702
320 1206
324 499
324 2023
325 2157
325 2195
325 828
326 788
326 1849
329 952
330 1799
336 1702
336 1987
343 1073
345 662
345 390
345 2324
345 442
351 1641
351 1624
351 2086
351 2085
351 1779
351 657
351 2091
351 1776
351 1783
351 2090
352 1811
357 2019
357 499
360 1484
360 1621
360 390
367 1987
367 1584
367 554
367 746
373 1711
373 627
377 1584
383 2035
383 1204
385 1624
385 1625
389 1900
392 494
392 2366
392 1987
400 1770
400 545
404 2504
404 465
404 1743
406 2060
406 739
406 1928
408 410
408 1682
408 696
408 1683
409 2057
409 735
409 526
409 1842
410 1625
410 2085
410 1682
413 1617
413 1850
427 1806
427 1783
427 488
427 1778
427 1773
438 1496
438 719
438 951
438 499
439 788
439 1985
439 1984
439 1668
439 719
440 1170
442 672
442 455
442 2095
447 1508
448 1617
448 1850
452 672
452 936
453 1624
457 2200
457 2348
457 1581
457 545
457 526
457 2055
460 1624
460 1682
461 1990
461 1987
462 1204
462 2310
465 2446
465 1759
465 2445
466 1870
466 2305
466 1404
468 1702
468 1709
477 1801
477 1987
479 515
479 2025
479 1979
481 1711
481 688
481 599
481 2360
481 1427
481 2373
482 2292
482 1288
482 1811
482 824
483 1813
483 2308
483 1815
483 1808
483 1811
483 791
488 1799
488 1773
488 656
488 860
488 2027
488 1774
488 1706
488 1783
488 2081
494 1760
503 1977
505 1974
505 2397
505 2395
506 1780
506 1252
506 2084
506 574
506 1561
506 1449
512 1811
512 550
515 1979
515 1315
515 1883
520 1999
520 1671
520 1987
520 1575
520 2046
520 837
520 1347
520 599
526 2055
526 2184
526 2181
526 2182
526 1629
526 2173
526 2183
527 566
527 1008
527 1743
534 1743
534 2467
535 630
535 934
535 610
537 1895
541 748
541 1442
543 1246
543 1624
545 1770
545 2348
545 2053
545 1581
545 2200
550 1498
550 1811
554 1128
554 746
554 2010
554 1996
554 1584
557 1806
557 1624
558 1726
559 877
559 1190
563 2451
563 705
563 1484
563 1736
564 2046
564 1702
564 1338
566 1039
566 1611
566 1724
566 688
567 1987
569 1811
570 1760
572 697
572 1571
573 2419
573 2026
573 1417
574 644
577 1811
579 1975
579 1880
590 1625
590 981
590 1159
599 1871
599 969
599 1876
599 1300
599 1824
599 1108
599 1822
601 2395
604 2046
604 1822
604 717
604 1249
604 1874
604 796
605 1352
605 1653
605 1915
605 2110
609 2081
609 1624
611 827
611 2288
616 2444
618 2035
622 1979
622 1333
622 2019
629 1170
629 1765
629 2547
629 1726
630 884
631 974
644 1168
644 1539
650 1172
651 1558
651 1487
651 1757
651 2084
651 1686
651 820
652 1668
652 2025
652 2157
652 886
652 1985
656 2081
657 2091
658 1255
658 1230
658 1741
658 2443
658 872
658 2441
658 868
658 1730
661 1624
667 1851
667 1974
674 1987
682 1987
682 1172
692 2035
692 2131
694 1852
694 764
696 2320
696 1683
696 1791
696 949
696 1337
696 1999
696 1013
696 1682
698 1081
700 1702
700 2046
703 780
703 823
703 1638
703 994
705 970
705 1484
705 2114
705 1744
705 2451
705 1413
712 2114
712 2113
712 1286
713 1465
713 851
717 1811
717 1822
719 1417
719 2060
720 1811
720 1624
725 2396
725 2395
725 1345
729 1071
729 2554
729 2389
733 1757
733 2686
734 2036
734 2012
734 1818
734 2009
734 2292
734 2305
734 1683
734 1819
734 1063
735 2057
735 2198
735 752
735 1842
735 737
737 752
737 2198
737 1842
739 1928
739 1081
739 2163
742 2094
742 1283
742 832
742 1012
743 1744
743 1621
743 1484
746 1996
746 1128
746 2010
746 1987
747 2007
747 1304
748 1539
750 1334
750 2156
752 2199
752 1205
753 958
753 2452
753 2084
761 2461
761 986
761 1427
764 1636
768 1702
768 2315
768 874
769 1724
769 1725
769 1567
770 1928
771 1895
771 2118
772 1157
772 1081
773 909
774 1073
774 1506
791 1811
792 2035
792 2131
793 1987
793 1559
793 2556
796 1811
815 1159
815 2383
816 2019
816 1345
816 2018
816 1175
818 1737
818 1764
823 1974
826 1766
828 2000
828 1040
828 1922
831 1915
835 2169
835 877
836 1122
836 1655
836 1811
839 869
839 1132
839 2281
843 2017
848 2190
849 986
851 1465
852 2019
852 1310
859 2183
860 1200
861 1428
861 1759
861 1528
868 2441
868 1230
868 2440
868 872
868 2443
872 1230
872 2653
884 934
895 1846
898 1984
898 1153
898 1495
898 1411
898 2296
898 1157
900 1987
906 1484
906 1621
906 1283
916 2598
916 2416
916 1036
916 1741
922 2294
922 1915
926 1223
934 1039
936 974
936 1874
937 1068
937 2516
946 1073
946 2389
949 1682
949 1396
949 1683
959 1073
959 1799
961 1777
962 1729
962 2600
962 2556
963 1809
963 1808
963 1666
963 1063
963 1810
963 1811
969 1987
970 2451
970 1744
970 1484
970 1736
978 1282
980 1840
980 1304
980 1958
981 1624
981 1368
994 2156
996 2386
996 1913
996 1310
999 1285
999 2366
999 1104
1003 2035
1005 1811
1008 1743
1008 1155
1008 2467
1009 2060
1009 1923
1009 1417
1013 1337
1013 1798
1013 1682
1013 1683
1016 1789
1016 1482
1016 1144
1016 2264
1024 1987
1024 1702
1027 2035
1027 1304
1028 2395
1030 2167
1034 2169
1036 1834
1036 1741
1036 1487
1036 1802
1046 1774
1050 1895
1063 1811
1068 2449
1068 2308
1068 1831
1074 2164
1075 1676
1075 1677
1078 1484
1078 2114
1078 2451
1086 1422
1086 2395
1086 2111
1086 2110
1093 1172
1096 1987
1096 1811
1108 1811
1115 1718
1115 2561
1128 1987
1128 1584
1134 1539
1134 2186
1134 1501
1137 1190
1137 2360
1140 1629
1140 2183
1140 2055
1144 2156
1145 1246
1145 1624
1149 1318
1149 2221
1149 2222
1149 1748
1151 1244
1156 1230
1165 1288
1167 1987
1175 2395
1175 1913
1194 1706
1197 1625
1197 1368
1200 1567
1200 1717
1200 1215
1200 1600
1205 1840
1205 1603
1205 1839
1215 1746
1215 1500
1215 1717
1219 1928
1240 2028
1246 2081
1246 1771
1249 1652
1249 2046
1250 2557
1250 2559
1250 1484
1252 1449
1252 1624
1255 1309
1257 2176
1257 1762
1268 1825
1269 1930
1269 2310
1270 1631
1270 1881
1270 1315
1271 2035
1274 2035
1284 1777
1284 2325
1286 2183
1289 1310
1296 1988
1300 1702
1300 1811
1307 1318
1308 1445
1309 1628
1318 1720
1318 1721
1318 2221
1318 2222
1318 1740
1320 2035
1332 1811
1332 1577
1334 2313
1334 1974
1337 1798
1337 2035
1338 2046
1338 1702
1339 2386
1339 1913
1344 2166
1344 1508
1345 1929
1347 1671
1349 2164
1349 1811
1352 1973
1352 1536
1352 1363
1352 2283
1352 1593
1356 1958
1358 2026
1360 1915
1360 1465
1363 1915
1368 2081
1368 1779
1368 1657
1368 1585
1377 1849
1377 2233
1378 1841
1378 2389
1383 1503
1383 2284
1395 2138
1396 2190
1396 2073
1397 1422
1397 2395
1397 2110
1397 2229
1397 2396
1397 1400
1400 2395
1400 2310
1403 1973
1403 1483
1403 1617
1403 1920
1406 1509
1406 1895
1411 1656
1413 2451
1413 1744
1413 1484
1413 1736
1421 2397
1421 1422
1421 2395
1422 2395
1422 2110
1422 1976
1422 2111
1427 1752
1428 1743
1428 1726
1428 2447
1431 1719
1435 1987
1442 2275
1442 1958
1449 2046
1449 2035
1454 1702
1454 1987
1464 1696
1464 2133
1464 2134
1464 2132
1471 2554
1471 1825
1483 1974
1483 2133
1487 1746
1488 2138
1488 1850
1488 2018
1491 2086
1498 2035
1499 2026
1501 1539
1501 2186
1503 2164
1506 1625
1506 2087
1506 1802
1506 1789
1509 2118
1509 1895
1516 2183
1521 1751
1521 1766
1558 2169
1558 2084
1559 1987
1561 1624
1562 1624
1573 1777
1575 1987
1581 2200
1581 1893
1581 2201
1582 1811
1582 1820
1585 1799
1587 2169
1590 1746
1590 2597
1602 1751
1603 2075
1603 2073
1603 2055
1610 1791
1610 1792
1610 1913
1611 2557
1611 2559
1615 2035
1615 1672
1628 1741
1629 2057
1629 1636
1629 2022
1629 2173
1629 2055
1630 1712
1633 1757
1638 1974
1652 2046
1653 1849
1653 1973
1655 2035
1657 1799
1659 2019
1666 2035
1666 1702
1672 1930
1672 2138
1672 1969
1672 2137
1677 1915
1677 1976
1678 1909
1679 1747
1682 2320
1682 2321
1684 2133
1684 1974
1686 2084
1688 1722
1691 2113
1696 2134
1697 1714
1698 1987
1702 1876
1702 1857
1702 1870
1702 1874
1702 1800
1702 1860
1702 1877
1702 1847
1702 1868
1702 1821
1702 1858
1702 1872
1702 1871
1702 1856
1702 1853
1705 1913
1705 1987
1768 1784
1771 2081
1772 1779
1773 1783
1773 2046
1774 1781
1782 1999
1783 1799
1785 2046
1788 1811
1788 2046
1792 2046
1793 2486
1802 2452
1805 2452
1808 2035
1809 1811
1810 1811
1812 1823
1813 1987
1813 2035
1819 2306
1821 1874
1825 1827
1827 1830
1831 2046
1839 2183
1853 2046
1857 2046
1860 1987
1868 2118
1870 2310
1871 1987
1874 1987
1876 1987
1877 1987
1885 1886
1888 1889
1890 1892
1890 2035
1890 1893
1890 2040
1890 2131
1892 2131
1892 2035
1906 1915
1913 2104
1913 2103
1915 1918
1915 1921
1915 1917
1915 2389
1915 1919
1915 1920
1921 1927
1924 1928
1925 1928
1927 2053
1927 2190
1929 2318
1930 2035
1969 2035
1984 2035
1988 2005
2002 2003
2002 2004
2011 2017
2019 2020
2022 2419
2023 2191
2025 2179
2025 2157
2027 2046
2028 2361
2031 2113
2040 2043
2047 2049
2051 2486
2055 2134
2073 2183
2075 2182
2084 2169
2086 2090
2087 2095
2103 2386
2104 2386
2110 2111
2118 2119
2132 2134
2132 2183
2134 2183
2136 2283
2163 2164
2169 2170
2173 2183
2181 2184
2181 2183
2182 2198
2200 2202
2200 2201
2213 2217
2216 2217
2221 2526
2221 2222
2229 2395
2229 2396
2234 2292
2252 2253
2282 2406
2305 2386
2344 2345
2360 2373
2390 2452
2391 2392
2391 2452
2392 2452
2393 2452
2414 2416
2416 2598
2440 2653
2443 2615
2445 2504
2446 2504
2447 2449
2447 2448
2477 2652
2515 2516
2556 2600
56 1157
56 324
56 788
56 652
56 1984
56 2022
56 1080
56 816
56 772
56 211
56 61
390 2451
390 1078
390 1744
390 1484
390 906
390 705
425 437
425 1204
434 437
484 817
484 2406
817 1843
817 2283
817 2406
817 1981
879 886
886 2025
886 1040
1043 1119
1043 1629
1043 2053
1043 2199
1043 1927
1043 2055
1043 1482
1043 1518
1043 1926
1333 2025
1436 1928
1436 2060
1436 2072
1528 2451
1528 2275
1567 1896
1567 2072
1567 1733
1577 1811
1593 2072
1593 1915
1593 2486
1981 2406
2016 2072
2100 2426
2114 2451
869 1342
869 2277
869 1527
869 2100
869 1845
31 1359
31 1417
31 2163
31 698
31 739
31 2344
35 1359
54 1104
54 1740
54 1359
60 1288
60 1628
60 616
60 106
60 581
60 1068
60 1726
60 2652
60 1359
60 610
62 1310
62 2163
62 1417
62 2313
62 1081
69 1987
69 392
69 1359
70 1921
70 1352
70 2190
70 1927
70 1014
70 1915
70 605
73 1359
73 1104
74 559
74 1137
74 1724
74 450
74 1215
74 1746
74 1752
74 877
74 1190
74 1359
74 1036
74 798
75 2420
75 1043
75 1417
75 1518
75 587
75 545
75 2053
75 1119
75 2156
89 1395
89 1714
89 2014
89 2013
89 1495
89 163
89 1310
89 1678
89 2011
89 131
89 2018
89 1742
89 2012
89 499
89 2016
89 1528
89 816
89 1909
89 301
89 2395
89 1848
89 738
89 416
89 852
89 1175
89 842
89 2015
89 744
89 1883
89 2179
89 2017
89 1659
89 1289
89 1733
89 697
91 818
91 1359
91 157
91 156
96 735
96 1304
96 335
96 862
96 2182
96 737
96 2202
96 1536
96 2075
96 694
96 1581
96 457
96 2055
96 1603
96 2198
96 2183
96 2200
96 1839
96 1629
96 2184
96 2201
102 282
102 1590
102 1359
112 1170
112 1359
112 2493
112 2644
112 1763
112 759
119 1508
119 582
119 555
119 2011
119 447
119 2113
119 1030
119 843
119 1344
119 256
119 455
119 2167
119 2031
119 1539
119 1852
119 389
119 1691
119 1617
119 2166
150 1656
150 1417
150 1081
150 2026
155 1239
155 1340
155 1445
155 1569
155 1359
155 2526
155 1753
155 1754
155 365
155 820
155 1755
155 327
156 1690
156 1764
156 157
156 1359
156 1737
156 818
157 1764
157 1359
157 1690
157 818
163 1175
163 324
163 1668
163 1269
171 1359
171 1068
174 688
174 1359
174 1587
174 1034
175 1743
175 630
175 2335
175 1359
182 1360
182 1465
182 1684
182 1014
192 383
192 1678
192 1999
192 2386
192 609
192 1792
229 1872
229 1359
229 323
229 849
229 1722
245 1359
245 1611
245 566
245 1073
247 1688
247 1359
247 2516
247 937
262 874
262 1895
262 1480
262 1702
290 1723
290 1359
307 1194
307 720
307 1652
307 1573
307 2047
307 309
307 1772
307 2088
307 1585
307 959
307 1798
307 1552
307 1641
307 1799
307 1246
307 2085
307 1771
307 2087
307 574
307 656
307 543
307 1491
307 1484
307 1010
307 1800
307 974
307 2086
307 427
307 1073
307 520
307 453
307 2046
307 1788
307 1159
307 1657
307 1805
307 1252
307 555
307 1803
307 582
307 477
307 1706
307 418
307 1780
307 911
307 2091
307 2049
307 1783
307 1857
307 1782
307 1347
307 1806
307 1776
307 2092
307 2090
307 488
307 330
307 2081
307 888
307 1046
307 351
307 1773
307 2089
307 609
307 2079
307 657
307 1368
327 1755
327 1359
334 1359
334 1695
335 694
335 1014
338 1777
338 1359
338 1500
338 1215
342 2046
342 1359
342 614
342 1390
342 1547
347 1359
347 1000
358 1359
358 1155
358 658
358 2653
365 2643
365 1633
365 971
365 733
365 1307
365 820
365 1359
365 1757
365 1607
416 1645
416 2015
416 1909
416 2179
416 1528
416 1678
416 819
416 967
416 1844
416 2183
416 1848
416 738
416 526
416 594
416 1310
416 1851
416 852
416 1175
418 1073
418 2035
418 2495
418 1872
437 1982
437 1495
437 1333
437 1978
437 879
437 1980
437 1132
437 1983
437 1979
437 499
437 1981
437 1040
437 669
437 484
437 817
437 886
455 582
455 2023
455 974
455 2191
455 2189
455 1662
455 1918
455 1442
455 2190
467 2547
467 1359
467 971
467 1306
467 1739
472 2014
472 2395
472 1014
490 2391
490 2392
490 1359
491 2106
491 1974
491 1464
491 827
491 1310
491 1982
491 1132
491 1880
491 2100
502 1359
502 1766
507 1014
507 1915
507 1353
507 1919
511 1014
511 1172
511 1132
525 980
525 553
525 2477
525 1359
525 1170
531 1506
531 2095
531 1014
540 712
540 1617
540 2156
553 2202
553 1359
553 1170
581 1743
581 2446
581 1766
581 1759
581 745
581 2445
581 1359
582 1624
582 1617
582 1793
587 2156
587 1225
587 1219
610 1042
610 2449
610 2447
610 1359
610 884
610 2448
614 1359
617 2366
617 1359
617 2504
617 1740
627 2557
627 2559
627 1359
646 1825
646 1496
646 951
646 1359
646 1896
646 1899
646 1902
646 1827
646 892
646 1900
646 1901
646 1268
662 1879
662 1029
662 808
662 1046
662 1354
662 1881
662 1883
662 1880
662 1884
662 1886
662 1882
662 1885
662 831
662 936
672 974
672 2026
683 1225
683 974
685 1283
685 1359
687 1359
687 2367
688 1722
688 1726
688 1359
688 1172
688 1711
688 1547
688 2373
688 1611
688 1587
688 2360
688 1034
690 1318
690 1359
690 1170
690 1293
690 1722
697 1571
709 1359
709 2213
709 2217
709 837
738 1631
738 1270
738 2137
738 2179
738 1975
744 1987
744 746
744 1571
744 1240
745 1359
745 1155
749 1104
749 1359
749 1733
749 1618
749 1375
749 1146
749 1569
749 1170
749 2554
749 1551
755 1484
755 2451
755 1359
758 1285
758 2422
758 1359
759 1763
759 1359
759 2493
765 797
765 1359
765 1607
765 1613
779 1915
779 1225
779 1371
779 1920
779 780
780 1593
780 1920
780 1915
780 1371
780 1225
780 1974
797 1318
797 1104
797 1359
798 1359
798 2360
798 1834
798 801
819 2000
820 1359
820 1607
824 1359
824 1170
824 2222
824 1766
827 2529
827 2288
832 1734
832 1012
832 1359
832 1639
832 2094
837 2079
837 1014
837 1344
837 2404
837 1132
837 1573
842 2035
854 1763
854 1170
854 1359
874 1480
874 1359
874 1709
874 2314
877 1359
877 2169
877 2585
881 1014
881 974
883 1359
888 1624
888 911
888 1625
903 1285
903 1605
903 1359
909 1014
911 2086
911 1624
920 1359
930 1359
930 2628
952 1359
958 1686
958 1758
958 1155
958 1359
958 2168
958 2084
958 1558
971 1359
971 2366
974 1073
974 2020
974 1584
974 1143
974 2154
974 2017
979 1359
979 999
986 1359
986 1074
986 1150
1000 1359
1039 1359
1039 2504
1041 1318
1041 1766
1041 1170
1041 1359
1042 1359
1042 1244
1042 2449
1042 1467
1042 2391
1071 1830
1071 1359
1071 1471
1071 1726
1071 1073
1071 1168
1073 1799
1073 1798
1073 1359
1073 1803
1073 1734
1073 1785
1073 1479
1073 1804
1073 1741
1073 1805
1073 1806
1073 1801
1073 1802
1073 1506
1073 1726
1073 1800
1073 1263
1073 1484
1080 1219
1080 1915
1081 2163
1081 2345
1104 1521
1104 1761
1104 1359
1104 1285
1104 1749
1104 1124
1104 1888
1104 1481
1104 1889
1104 1719
1104 1887
1111 2026
1111 1121
1111 1225
1111 2296
1119 1417
1119 2156
1121 1584
1121 2195
1121 2026
1122 1811
1122 1132
1122 2137
1122 1411
1122 1656
1124 1359
1146 1170
1146 1359
1150 1895
1150 1359
1150 1987
1153 2156
1153 1928
1153 2417
1155 2516
1155 1743
1155 1715
1155 1359
1155 1716
1155 2515
1159 1636
1159 2252
1159 2253
1159 2383
1170 2221
1170 1738
1170 1720
1170 1721
1170 1359
1170 2493
1170 1732
1170 1715
1170 1735
1170 2477
1172 1356
1172 2360
1172 1856
1172 1910
1172 1296
1190 1359
1190 2360
1204 1843
1204 1216
1204 2156
1204 1411
1206 1359
1206 1762
1210 1359
1210 1738
1216 1895
1223 1225
1230 2440
1230 1309
1230 1359
1230 1750
1230 2443
1230 1255
1230 1385
1230 1507
1230 2442
1230 1628
1230 2441
1239 1359
1244 1359
1282 1359
1282 1749
1282 1747
1283 1777
1283 1284
1283 1736
1283 2325
1283 1484
1285 2451
1285 1359
1285 1605
1288 1359
1292 1661
1292 2155
1293 1318
1293 1359
1294 2419
1304 2164
1306 1359
1310 1626
1310 2179
1310 1742
1310 2016
1310 1339
1310 1883
1310 2104
1310 2103
1310 1678
1340 1754
1340 1359
1342 2426
1371 1920
1371 1976
1371 2486
1371 1526
1371 2275
1390 2598
1404 2318
1445 2324
1465 1684
1465 1483
1465 1915
1472 1647
1480 1895
1480 1702
1493 1766
1500 1777
1517 2613
1526 1915
1526 1974
1527 1978
1527 2100
1527 2426
1527 1880
1527 1982
1536 2156
1536 1917
1536 2294
1539 1843
1539 2186
1547 1805
1547 2170
1551 2084
1563 1766
1566 2366
1569 1730
1584 1996
1584 2026
1588 2155
1600 2442
1600 2461
1600 2615
1617 1850
1617 2051
1621 2451
1624 1769
1624 1777
1624 1770
1624 1782
1624 1778
1624 1781
1624 1774
1624 1784
1624 1773
1624 1779
1624 1775
1624 1776
1624 1772
1624 1768
1624 1783
1624 1780
1624 1785
1624 1771
1625 1786
1625 1778
1625 1781
1625 1780
1625 1706
1625 1788
1625 1779
1625 1787
1625 1789
1626 1730
1656 2283
1656 2385
1656 2137
1656 1895
1656 1840
1656 2296
1656 1843
1661 2155
1662 1852
1676 1915
1676 1677
1683 2322
1683 2320
1683 2321
1683 2292
1683 2190
1709 1858
1709 2315
1709 2314
1710 1987
1710 2366
1710 1740
1710 1739
1711 2445
1712 1732
1712 1766
1712 1731
1713 1726
1713 2447
1714 1899
1715 1728
1717 2447
1718 1732
1718 2561
1719 2686
1720 1766
1721 1766
1722 2477
1722 1762
1724 1725
1725 2216
1725 2217
1726 1741
1726 2414
1726 2598
1726 1746
1726 2335
1726 1735
1726 2597
1727 2169
1729 2600
1729 2258
1729 2556
1732 1756
1735 2598
1736 1777
1736 2325
1737 1764
1738 2617
1738 1889
1739 2367
1739 2366
1740 1887
1740 1751
1740 2222
1740 1767
1741 2392
1741 1805
1741 2390
1741 2391
1741 2393
1742 2594
1743 1759
1743 1750
1743 2445
1743 2446
1743 2308
1743 2444
1744 2451
1744 2114
1745 1766
1746 2597
1750 2447
1751 1766
1751 1767
1752 2597
1753 1755
1756 1766
1757 2643
1758 2452
1759 2467
1762 2176
1766 2493
1777 2046
1777 2325
1777 2079
1798 2089
1842 2057
1843 2282
1843 1981
1843 2406
1843 1980
1847 2118
1847 1868
1847 2358
1849 2420
1849 1910
1850 1915
1852 2486
1895 2118
1895 2035
1895 2119
1910 2306
1928 1929
1928 1930
1928 1931
1974 1976
1974 1975
1974 1977
1976 2110
1976 2111
1987 1988
1987 1997
1987 1996
1987 2010
1987 2006
1987 1989
1987 2007
1987 1990
1987 1991
1987 1993
1987 1994
1987 1998
1987 2005
1987 1992
1987 2009
1987 2002
1987 2004
1987 2003
1987 2001
1987 2008
1987 1995
1987 1999
1987 2000
2010 2026
2026 2029
2026 2028
2026 2027
2035 2037
2035 2042
2035 2043
2035 2038
2035 2131
2035 2041
2035 2039
2035 2040
2035 2036
2046 2047
2046 2048
2046 2049
2152 2424
2153 2386
2154 2156
2156 2296
2156 2294
2156 2295
2183 2232
2183 2234
2183 2233
2183 2199
2395 2397
2395 2398
2395 2396
240 620
240 1377
240 1275
240 1070
240 2022
240 2183
240 1910
240 888
240 911
240 1760
240 1221
240 2419
499 1653
1132 2186
1132 1931
1132 2281
1132 1134
1132 1216
1132 2284
1132 1910
1132 2282
1132 1656
1132 2283
1132 1501
1132 1225
1132 2156
1132 1539
1417 1925
1417 1469
1417 1603
1417 1926
1417 1927
1417 1922
1417 1923
1417 1924
1484 2209
1484 1736
1484 1621
1484 2084
1484 2114
1484 1744
1484 1727
1811 1817
1811 1812
1811 1815
1811 1822
1811 1824
1811 1870
1811 1821
1811 1820
1811 1818
1811 1823
1811 1813
1811 1816
1811 1814
1811 1819
1841 2072
1845 2277
1980 2179
1980 1981
1980 2406
2017 2072
1014 1843
1014 1584
1014 1852
1014 1847
1014 1662
1014 1846
1014 1841
1014 1730
1014 1849
1014 1294
1014 1645
1014 1851
1014 1842
1014 1850
1014 1465
1014 1676
1014 2046
1014 1121
1014 1404
1014 1848
1014 1626
1014 1522
1014 1845
1014 1844
1359 1766
1359 1732
1359 1757
1359 1484
1359 1748
1359 1712
1359 1730
1359 1563
1359 1741
1359 1747
1359 1744
1359 1724
1359 1739
1359 1600
1359 1767
1359 1761
1359 1605
1359 1647
1359 1472
1359 1551
1359 1718
1359 1709
1359 1711
1359 2598
1359 1763
1359 1710
1359 1743
1359 1738
1359 1445
1359 1760
1359 1751
1359 1481
1359 1765
1359 1755
1359 1493
1359 1750
1359 1500
1359 1731
1359 1740
1359 1745
1359 1713
1359 1714
1359 1547
1359 1715
1359 1716
1359 1717
1359 1719
1359 1722
1359 1385
1359 1517
1359 1720
1359 1566
1359 1733
1359 1721
1359 1621
1359 1723
1359 1725
1359 1726
1359 1390
1359 1727
1359 1728
1359 1729
1359 1734
1359 1735
1359 1736
1359 1569
1359 1737
1359 1742
1359 1746
1359 1749
1359 1752
1359 1753
1359 1754
1359 1756
1359 1758
1359 1759
1359 1762
1359 1764
1225 1588
1225 1292
1225 2153
1225 2154
1225 1661
1225 1920
1225 2155
1225 1526
1225 2157
1225 1733
1225 1849
1225 1584
1225 1976
1225 2152
1225 1852
1225 1371
1225 1342
1225 1527
1225 2156
