k : 2
Overall running time: 7.524s.
diameter : 9



ans.V.size: 
829 3 15 19 23 31 34 35 40 50 54 56 62 69 70 72 73 74 75 77 86 87 91 96 102 103 104 106 110 112 113 119 125 127 131 134 139 142 152 154 155 156 157 159 161 163 171 172 173 174 175 180 181 182 189 192 197 200 202 204 206 212 216 229 233 237 240 241 243 245 247 278 281 282 286 290 291 292 295 299 302 303 304 309 311 315 317 318 327 330 334 335 336 338 342 347 350 351 358 363 365 367 383 385 392 398 412 416 418 421 427 437 440 444 453 454 455 460 461 464 467 471 472 477 488 490 494 499 502 504 507 511 513 520 524 525 531 540 543 553 555 557 567 572 574 575 578 580 581 582 590 599 604 606 607 609 610 614 616 617 618 621 627 629 637 646 656 657 661 662 666 674 682 685 687 688 690 692 706 709 745 746 747 749 750 755 757 758 759 765 768 790 792 797 798 810 816 820 826 827 828 830 832 837 839 848 854 865 874 877 881 883 897 898 900 903 909 917 920 930 947 952 958 959 964 969 971 974 979 980 981 986 994 996 1000 1003 1010 1011 1016 1024 1039 1041 1042 1046 1068 1071 1073 1074 1081 1098 1104 1117 1119 1121 1124 1127 1128 1134 1135 1144 1145 1146 1149 1150 1153 1155 1159 1167 1172 1190 1194 1197 1198 1204 1206 1210 1216 1218 1219 1224 1225 1230 1235 1239 1240 1244 1246 1252 1269 1270 1271 1274 1282 1285 1289 1293 1294 1296 1297 1302 1306 1318 1320 1326 1339 1340 1345 1347 1352 1366 1368 1385 1390 1395 1396 1397 1400 1404 1411 1418 1419 1424 1425 1435 1445 1449 1453 1454 1464 1465 1470 1472 1473 1481 1484 1489 1490 1491 1493 1494 1495 1498 1500 1501 1503 1504 1506 1515 1517 1521 1522 1530 1536 1539 1547 1549 1551 1552 1559 1561 1562 1563 1566 1569 1570 1571 1573 1575 1584 1585 1592 1600 1605 1610 1615 1619 1621 1626 1628 1631 1634 1641 1646 1647 1652 1655 1656 1657 1659 1662 1666 1670 1672 1676 1682 1698 1700 1702 1703 1706 1709 1710 1711 1712 1713 1714 1715 1716 1717 1718 1719 1720 1721 1722 1723 1724 1725 1726 1727 1728 1729 1730 1731 1732 1733 1734 1735 1736 1737 1738 1739 1740 1741 1742 1743 1744 1745 1746 1747 1748 1749 1750 1751 1752 1753 1754 1755 1756 1757 1758 1759 1760 1761 1762 1763 1764 1765 1767 1768 1769 1770 1771 1772 1773 1774 1775 1776 1777 1778 1779 1780 1781 1782 1783 1784 1785 1786 1787 1789 1791 1792 1799 1800 1803 1805 1806 1807 1808 1840 1841 1842 1843 1845 1846 1847 1849 1850 1852 1856 1857 1860 1871 1874 1876 1877 1880 1883 1890 1892 1895 1907 1927 1930 1931 1965 1968 1969 1970 1971 1972 1974 1975 1980 1981 1982 1983 1984 1988 1989 1990 1991 1992 1993 1994 1995 1996 1997 1998 2001 2002 2003 2004 2005 2006 2007 2008 2010 2011 2013 2014 2016 2017 2018 2033 2034 2037 2038 2039 2040 2041 2042 2043 2044 2045 2046 2047 2049 2076 2078 2079 2081 2085 2087 2088 2089 2090 2091 2100 2103 2104 2106 2131 2138 2144 2153 2154 2163 2177 2186 2187 2188 2211 2212 2221 2228 2231 2232 2239 2244 2266 2267 2277 2281 2282 2283 2284 2294 2295 2296 2308 2309 2310 2318 2319 2327 2346 2347 2348 2349 2350 2357 2361 2380 2395 2403 2405 2406 2410 2413 2425 2477 2493 2508 2532 2551 2553 2556 2579 2598 2606 2614 2652 2681 301 594 819 852 1175 1310 1528 1645 1678 1844 1848 1851 1909 1945 1949 1951 2015 2179 2183 14 26 28 39 55 60 79 105 140 196 225 231 307 310 352 408 410 430 466 470 483 487 491 512 550 569 577 587 676 696 697 716 717 720 744 782 791 793 796 836 842 864 888 911 935 949 963 995 1005 1013 1014 1021 1027 1066 1096 1097 1108 1116 1122 1132 1165 1170 1220 1279 1300 1304 1325 1337 1349 1359 1383 1577 1591 1622 1624 1625 1650 1693 1704 1705 1766 1788 1798 1809 1810 1812 1813 1814 1815 1817 1820 1821 1822 1823 1824 1870 1910 1913 1967 1987 1999 2000 2035 2077 2086 2092 2120 2137 2156 2164 2190 2222 2264 2293 2306 2307 2320 2321 2322 2356 2358 2386 2491 2542 2595 2668 2669 89 353 738 1332 1582 1816 2234 46 95 219 378 384 402 436 482 679 760 795 824 863 1063 1161 1193 1266 1288 1295 1330 1683 1811 1818 1819 2009 2012 2036 2269 2292 2302 2303 2304 2305 734 
3 1987
15 2035
15 159
15 2076
15 2669
15 2078
19 1787
19 1561
19 140
23 40
23 1704
23 1235
23 1703
23 2239
31 1359
31 2163
34 2041
34 2120
35 1359
40 2358
50 2035
54 1104
54 1740
54 1359
56 1984
56 816
62 1081
62 2163
62 1310
69 1987
69 392
69 1359
70 1352
70 1927
70 2190
70 1014
72 1987
73 1359
73 1104
74 1724
74 1746
74 1752
74 877
74 1190
74 798
74 1359
75 2156
75 587
75 1119
77 2179
77 89
86 1066
87 1337
87 2296
87 430
87 2035
91 1359
91 157
91 156
96 1304
96 335
96 2183
96 1536
102 282
102 1359
103 1449
103 1624
103 110
103 1562
103 1252
104 307
104 1791
104 1776
104 609
104 140
106 1722
106 2477
106 2652
110 1770
110 290
110 237
110 1347
110 307
110 2046
110 1046
110 1786
110 460
110 154
110 1780
110 520
110 1999
110 427
110 1806
110 134
110 1788
110 1625
110 1773
110 1662
110 125
112 1170
112 1359
112 2493
112 1763
112 759
113 1624
113 307
113 488
113 2081
119 582
119 555
119 2011
119 1539
119 1852
119 455
125 307
125 1368
127 307
127 237
127 2046
127 1552
127 1624
131 2018
131 1983
134 2046
134 1624
134 1778
134 1785
134 453
139 237
139 1777
139 307
142 1003
142 2035
152 1987
152 2239
154 460
154 2046
154 1624
154 307
154 237
155 1239
155 1340
155 1445
155 1569
155 1359
155 1753
155 1754
155 365
155 820
155 1755
155 327
156 1737
156 1359
156 157
156 1764
157 1764
157 1359
159 1702
159 181
159 2035
161 2010
161 746
161 1987
161 2001
161 278
161 744
163 1175
163 1269
171 1359
171 1068
172 1549
172 791
173 1693
173 757
173 2188
173 513
173 241
174 688
174 1359
175 1743
175 1359
180 1987
181 1808
181 792
181 2038
181 2005
181 2077
181 791
181 1021
182 1465
182 1014
189 1170
189 1728
192 609
192 1792
192 1678
192 383
192 2386
192 1999
197 430
200 1870
200 421
202 1987
202 599
202 1702
204 1870
204 964
204 1116
206 1702
206 1870
212 1395
212 1910
212 1909
216 1987
216 2046
216 1702
229 1359
229 1722
233 1702
233 1987
237 2079
237 307
237 1073
237 2047
237 1573
237 2046
240 1760
240 911
240 2183
240 888
240 1910
241 1693
241 757
241 513
241 1473
243 1132
243 839
243 2281
245 1073
245 1359
247 1359
278 1870
278 974
278 697
281 1536
281 2156
282 747
282 1383
286 2000
290 1723
290 1359
291 1766
291 688
292 1693
295 307
299 1326
299 1096
302 1170
302 2493
303 307
303 720
303 351
303 1159
304 2144
304 720
309 351
309 2046
311 1332
311 1949
311 1816
311 353
311 1951
311 1582
311 1945
315 1624
315 2001
317 1822
317 1074
317 2005
317 599
318 1625
318 1786
327 1755
327 1359
330 1799
334 1359
335 1014
336 1702
336 1987
338 1777
338 1500
338 1359
342 2046
342 1359
342 614
342 1390
342 1547
347 1359
347 1000
350 466
351 1779
351 2085
351 657
351 2086
351 1624
351 1641
351 1783
351 2091
351 1776
351 2090
358 1155
358 1359
363 1967
365 971
365 1359
365 820
365 1757
367 746
367 1584
367 1987
383 2035
383 1204
385 1624
385 1625
392 494
392 1987
398 1097
398 666
412 1489
412 1097
416 1645
416 2015
416 1678
416 1844
416 594
416 2183
416 1848
416 738
416 1528
416 1310
416 1851
416 852
416 1175
416 819
416 2179
416 1909
418 2035
418 1073
421 1870
427 1806
427 1778
427 488
427 1783
427 1773
437 499
437 1981
437 1980
437 1982
437 1132
437 1983
437 1495
440 1170
444 1967
444 1011
453 1624
454 2306
454 2307
454 1807
455 1662
455 2190
455 974
455 582
460 1624
460 1682
461 1990
461 1987
464 1967
464 1704
464 1703
464 1965
467 1359
467 971
467 1306
467 1739
471 1116
471 1098
472 2395
472 1014
472 2014
477 1987
488 1773
488 1783
488 1774
488 1706
488 656
488 1799
488 2081
490 1359
494 1760
502 1359
502 1766
504 1693
504 2002
504 577
507 1014
511 1132
511 1172
511 1014
513 1693
513 757
513 1473
520 2046
520 1987
520 1575
520 1999
520 599
520 837
520 1347
525 980
525 553
525 2477
525 1359
525 1170
531 1014
531 1506
540 2156
543 1624
543 1246
553 1359
553 1170
557 1624
557 1806
567 1987
572 697
572 1571
575 1693
575 2002
575 577
580 1809
580 1135
580 995
581 1743
581 745
581 1359
581 1766
581 1759
582 1624
590 1159
590 981
590 1625
599 969
599 1302
599 1876
599 1871
599 1108
599 1822
599 1824
599 1300
604 2046
604 1822
604 717
604 1874
604 796
606 1108
607 2361
607 2231
609 2081
609 1624
610 1042
610 1359
614 1359
617 1359
617 1740
618 2035
618 706
627 1359
629 1726
629 1765
629 1170
637 2234
646 1359
656 2081
657 2091
661 1624
662 1046
662 1880
662 1883
674 1987
682 1172
682 1987
685 1359
687 1359
688 1722
688 1726
688 1547
688 1711
688 1172
688 1359
690 1318
690 1359
690 1170
690 1293
690 1722
692 2035
692 2131
709 837
709 1359
745 1359
745 1155
746 1996
746 1128
746 2010
746 1987
747 2007
747 1304
749 1569
749 1170
749 1146
749 1551
749 1104
749 1359
749 1733
750 2156
755 1359
755 1484
757 1470
757 1693
757 2188
757 1473
757 2187
758 1285
758 1359
759 1763
759 1359
759 2493
765 797
765 1359
768 1702
768 874
790 1704
792 2131
792 2035
797 1318
797 1104
797 1359
798 1359
810 1116
816 1175
816 2018
816 1345
820 1359
826 1766
828 2000
830 1817
832 1359
832 1734
837 2079
837 1132
837 1573
837 1014
839 2281
839 1132
848 2190
854 1763
854 1170
854 1359
865 1066
865 2211
874 1709
874 1359
877 1359
881 1014
881 974
883 1359
898 2296
898 1984
898 1153
898 1411
898 1495
900 1987
903 1285
903 1605
903 1359
909 1014
917 1027
920 1359
930 1359
947 1967
952 1359
958 1155
958 1758
958 1359
959 1073
959 1799
964 1418
964 1704
964 1786
969 1987
971 1359
974 2154
974 1584
974 2017
974 1073
979 1359
980 1304
980 1504
980 1840
981 1368
981 1624
986 1359
986 1074
986 1150
994 2156
996 1913
996 2386
996 1310
1000 1359
1003 2034
1003 2035
1011 1967
1016 2264
1016 1144
1016 1619
1016 1453
1016 1789
1024 1987
1024 1702
1039 1359
1041 1318
1041 1766
1041 1170
1041 1359
1042 1244
1042 1359
1046 1774
1068 2308
1071 1726
1071 1073
1071 1359
1073 1798
1073 1506
1073 1734
1073 1785
1073 1741
1073 1805
1073 1806
1073 1484
1073 1726
1073 1800
1073 1803
1073 1359
1073 1799
1074 2164
1081 2163
1098 1870
1098 1116
1104 1521
1104 1481
1104 1719
1104 1124
1104 1749
1104 1761
1104 1285
1104 1359
1117 1224
1119 2156
1121 1584
1124 1359
1127 1824
1128 1584
1128 1987
1134 1539
1134 2186
1134 1501
1144 2156
1144 1619
1145 1624
1145 1246
1146 1170
1146 1359
1149 2222
1149 1748
1149 2221
1149 1318
1150 1987
1150 1895
1150 1359
1153 2156
1155 1715
1155 1743
1155 1716
1155 1359
1167 1987
1172 1910
1172 1296
1172 1856
1190 1359
1194 1706
1197 1368
1197 1625
1198 1999
1198 1792
1204 2156
1204 1411
1204 1843
1204 1216
1206 1762
1206 1359
1210 1738
1210 1359
1216 1895
1225 2153
1225 2154
1225 1584
1225 1849
1225 1733
1225 1852
1225 2156
1230 1359
1230 1750
1230 1385
1230 1628
1235 1967
1235 1704
1235 1703
1239 1359
1244 1359
1246 2081
1246 1771
1252 1449
1252 1624
1269 1930
1269 2310
1270 2228
1270 1631
1271 2035
1274 2035
1282 1359
1282 1749
1282 1747
1285 1359
1285 1605
1289 1310
1293 1318
1293 1359
1296 1988
1297 1913
1306 1359
1318 1720
1318 1721
1318 2222
1318 2221
1318 1740
1320 2035
1339 1913
1339 2386
1340 1754
1340 1359
1352 2283
1352 1536
1366 1704
1366 1703
1368 1657
1368 1779
1368 1585
1368 2144
1368 2081
1390 2598
1395 2138
1396 2190
1396 2267
1397 1400
1397 2395
1400 2395
1400 2310
1400 2228
1404 2318
1411 1656
1418 1704
1418 1530
1418 1453
1424 1693
1425 1814
1425 1622
1435 1987
1449 2046
1449 2035
1454 1702
1454 1987
1470 2347
1470 2350
1470 1693
1472 1647
1473 1693
1473 2188
1484 1744
1484 1727
1484 1736
1484 1621
1491 2086
1493 1766
1498 2035
1500 1777
1501 1539
1501 2186
1503 1504
1503 2164
1504 2244
1506 1789
1506 1700
1506 1625
1506 2087
1515 1693
1521 1751
1521 1766
1530 1909
1536 2156
1536 2294
1539 2186
1539 1843
1547 1805
1559 1987
1561 1624
1562 1624
1563 1766
1569 1730
1570 1967
1573 1777
1575 1987
1584 1996
1585 1799
1592 2542
1610 1792
1610 1791
1610 1913
1615 1672
1615 2035
1626 1730
1628 1741
1631 2228
1652 2046
1655 2035
1656 2137
1656 1843
1656 1895
1656 1840
1656 2283
1656 2296
1657 1799
1662 1852
1666 2035
1666 1702
1672 2138
1672 2137
1672 1969
1672 1930
1682 2320
1682 2321
1682 2319
1698 1987
1702 1876
1702 1860
1702 1877
1702 1847
1702 1874
1702 1800
1702 1821
1702 1871
1702 1870
1702 1857
1702 1856
1703 1972
1703 1971
1703 1704
1703 1967
1703 2239
1710 1987
1710 1740
1710 1739
1712 1732
1712 1766
1712 1731
1713 1726
1715 1728
1718 1732
1720 1766
1721 1766
1722 2477
1722 1762
1724 1725
1726 1741
1726 1746
1726 1735
1726 2598
1729 2556
1732 1756
1735 2598
1736 1777
1737 1764
1740 1751
1740 2222
1740 1767
1741 1805
1743 2308
1743 1750
1743 1759
1745 1766
1751 1767
1751 1766
1753 1755
1756 1766
1768 1784
1771 2081
1772 1779
1773 1783
1773 2046
1774 1781
1777 2079
1777 2046
1778 2144
1780 2319
1782 1999
1783 2327
1783 1799
1785 2046
1792 2046
1807 1810
1808 2035
1840 2425
1843 2282
1843 1980
1843 1981
1843 2406
1845 2277
1847 2358
1849 1910
1857 2046
1860 1987
1871 1987
1874 1987
1876 1987
1877 1987
1890 1892
1890 2035
1890 2040
1890 2131
1892 2131
1892 2035
1895 2035
1907 1965
1927 2190
1930 2035
1965 1967
1969 2035
1970 2239
1974 1975
1980 2179
1980 1981
1980 2406
1981 2406
1984 2035
1988 2005
1998 2413
2002 2349
2002 2003
2002 2045
2002 2004
2002 2380
2003 2380
2011 2017
2040 2043
2046 2049
2046 2047
2047 2049
2076 2077
2076 2668
2076 2669
2076 2078
2076 2092
2103 2386
2104 2386
2153 2386
2154 2156
2163 2164
2212 2357
2221 2222
2232 2293
2267 2322
2282 2406
2347 2350
2357 2358
2361 2579
2477 2652
301 416
594 1116
819 2000
852 1310
1175 1913
1175 2395
1310 1626
1310 2179
1310 1742
1310 1678
1310 2103
1310 2016
1310 1339
1310 1883
1310 2104
1678 1909
1945 1951
1949 1951
2183 2232
2183 2234
14 1702
14 1811
26 1302
26 2012
26 2318
26 1345
28 607
28 1811
28 2579
28 2361
39 863
39 1161
39 864
39 430
55 768
55 402
60 1628
60 1288
60 1726
60 610
60 581
60 1068
60 2652
60 616
60 106
60 1359
79 1220
79 1419
79 1330
105 2211
105 402
105 1066
105 865
140 661
140 1781
140 911
140 2046
140 307
140 1624
196 2425
225 1811
225 2035
231 550
231 578
231 1096
231 1218
231 1811
307 1772
307 2088
307 1585
307 959
307 1798
307 1552
307 2085
307 1771
307 2087
307 574
307 1573
307 1652
307 2047
307 309
307 656
307 543
307 1491
307 1657
307 1641
307 1799
307 1246
307 609
307 720
307 1194
307 2046
307 2086
307 427
307 1073
307 520
307 1857
307 888
307 1046
307 1788
307 974
307 1706
307 555
307 418
307 1805
307 1252
307 1776
307 2092
307 1803
307 582
307 477
307 2091
307 2049
307 1783
307 1782
307 1347
307 1806
307 2090
307 488
307 330
307 2081
307 1159
307 351
307 1773
307 2089
307 453
307 2079
307 1368
307 657
307 1780
307 911
307 1484
307 1010
307 1800
310 384
310 2306
310 2269
352 1811
408 696
408 1683
408 410
408 1682
410 1682
410 2085
410 1625
430 2042
430 1890
430 2002
430 795
430 1808
430 2045
430 864
430 524
430 1494
430 706
430 1670
430 1619
430 2044
466 1404
466 1870
466 897
466 2305
470 2305
470 2413
470 621
483 1813
483 2231
483 1808
483 2309
483 1815
483 2308
483 1811
483 791
487 2078
487 2668
487 2669
491 1880
491 1982
491 1132
491 2100
491 1974
491 1464
491 1310
491 827
491 2106
512 1811
512 550
550 1498
550 1811
569 1117
569 1224
569 1811
577 1811
577 2349
577 666
587 1225
587 2156
587 1219
676 2357
696 1682
696 1683
696 1791
696 949
696 2320
696 1999
696 1013
696 1337
697 1571
716 2292
717 1811
717 1822
717 2410
720 1811
720 1624
744 1987
744 746
744 1571
744 1240
782 2403
791 1811
791 1549
793 1987
793 2556
793 1559
793 1489
796 1646
796 1811
836 1122
836 1811
836 1655
836 1135
842 2035
864 1161
864 1591
888 1624
888 911
888 1625
911 2086
911 1624
935 2357
949 1682
949 1683
949 1396
963 1809
963 1666
963 1810
963 1807
963 1811
963 1063
963 1808
995 1330
995 2310
995 1220
1005 1811
1005 1490
1013 1337
1013 1683
1013 1798
1013 1682
1014 1842
1014 1841
1014 1730
1014 1843
1014 1584
1014 1645
1014 1846
1014 1852
1014 1845
1014 1522
1014 1121
1014 1676
1014 2046
1014 1465
1014 1850
1014 1849
1014 1294
1014 1851
1014 1844
1014 1848
1014 1404
1014 1626
1014 1662
1014 1847
1021 2078
1021 2668
1021 2076
1027 1304
1027 2035
1027 2532
1066 1700
1066 2212
1066 1097
1096 1811
1096 1987
1096 2614
1096 1326
1097 1634
1108 2244
1108 2380
1108 1811
1116 1530
1116 2277
1122 2137
1122 1811
1122 1132
1122 1656
1122 1411
1132 1931
1132 2281
1132 1134
1132 1216
1132 1539
1132 1225
1132 2186
1132 2284
1132 2283
1132 1501
1132 2156
1132 1656
1132 1910
1132 2282
1165 1288
1170 2221
1170 1738
1170 1720
1170 1721
1170 1359
1170 2493
1170 1732
1170 1715
1170 2477
1170 1735
1279 2306
1279 2307
1279 2269
1300 1811
1300 1702
1304 2164
1325 2036
1325 2266
1337 1798
1337 2034
1337 1453
1337 2033
1337 2035
1349 2606
1349 2164
1349 1811
1359 1766
1359 1712
1359 1748
1359 1563
1359 1730
1359 1724
1359 1739
1359 1600
1359 1767
1359 1761
1359 1605
1359 1732
1359 1755
1359 1493
1359 1765
1359 1757
1359 1647
1359 1472
1359 1551
1359 1718
1359 1709
1359 2598
1359 1763
1359 1710
1359 1743
1359 1738
1359 1741
1359 1747
1359 1445
1359 1760
1359 1751
1359 1481
1359 1744
1359 1733
1359 1566
1359 1742
1359 1714
1359 1547
1359 1711
1359 1750
1359 1500
1359 1484
1359 1731
1359 1740
1359 1745
1359 1713
1359 1715
1359 1716
1359 1717
1359 1719
1359 1722
1359 1385
1359 1517
1359 1720
1359 1721
1359 1621
1359 1723
1359 1725
1359 1726
1359 1390
1359 1727
1359 1728
1359 1729
1359 1734
1359 1735
1359 1736
1359 1569
1359 1737
1359 1746
1359 1749
1359 1752
1359 1753
1359 1754
1359 1756
1359 1758
1359 1759
1359 1762
1359 1764
1383 2284
1383 2177
1383 1503
1577 1811
1624 1779
1624 1777
1624 1775
1624 1773
1624 1776
1624 1768
1624 1780
1624 1784
1624 1785
1624 1783
1624 1782
1624 1781
1624 1778
1624 1771
1624 1774
1624 1770
1624 1769
1624 1772
1625 1779
1625 1787
1625 1781
1625 1706
1625 1780
1625 1788
1625 1789
1625 1778
1625 1786
1693 2346
1693 2349
1693 2350
1693 2188
1693 2347
1693 2348
1693 2187
1693 2303
1704 1972
1704 1969
1704 1967
1704 2239
1704 1907
1704 1968
1704 1970
1704 1971
1705 1913
1705 1987
1705 2078
1766 2493
1788 1811
1788 2144
1788 2046
1798 2089
1809 1811
1810 1811
1812 1823
1813 2035
1813 2551
1813 1987
1820 1949
1821 1874
1870 2310
1910 2306
1913 2103
1913 2405
1913 2104
1967 1972
1987 1997
1987 1996
1987 2010
1987 2006
1987 1989
1987 1990
1987 1991
1987 1993
1987 1994
1987 1998
1987 1999
1987 1988
1987 2005
1987 1992
1987 2009
1987 2002
1987 2004
1987 2003
1987 2001
1987 2008
1987 2007
1987 2000
1987 1995
1999 2327
2035 2037
2035 2036
2035 2039
2035 2043
2035 2131
2035 2041
2035 2042
2035 2038
2035 2040
2077 2078
2077 2668
2086 2090
2156 2296
2156 2294
2156 2295
2222 2508
2264 2491
2306 2307
2307 2553
2356 2357
2356 2358
2595 2681
2668 2669
89 852
89 1883
89 2179
89 697
89 1659
89 1289
89 1733
89 1395
89 1714
89 2013
89 163
89 1495
89 1310
89 1742
89 2014
89 416
89 499
89 2016
89 2012
89 1528
89 2395
89 301
89 2018
89 131
89 1848
89 738
89 816
89 2017
89 1909
89 1678
89 2011
89 1175
89 842
89 2015
89 744
353 1945
353 1295
738 1631
738 1270
738 2137
738 2179
738 1975
1332 1811
1332 1577
1582 1811
1582 1820
1816 1951
2234 2292
46 1987
46 734
46 2304
46 2668
46 2669
46 1220
95 1650
95 1967
95 2358
95 935
95 676
95 2356
95 2264
95 734
95 2491
95 587
95 196
219 1383
219 1349
219 1021
219 2092
219 2120
219 782
219 2595
219 793
219 483
219 2077
219 734
378 734
378 1266
378 679
378 2292
384 1705
384 734
384 2269
402 734
402 1161
402 1097
402 1066
436 734
436 487
436 1913
482 2292
482 1288
482 1811
482 824
679 734
760 1704
795 1161
795 1591
795 864
824 1359
824 1170
824 2222
824 1766
1063 1811
1063 1193
1161 2269
1193 1622
1266 2292
1288 1359
1683 2322
1683 2320
1683 2321
1683 2292
1683 2190
1811 1812
1811 1816
1811 1822
1811 1815
1811 1818
1811 1824
1811 1817
1811 1870
1811 1821
1811 1820
1811 1813
1811 1823
1811 1814
1811 1819
1819 2307
1819 2306
2009 2302
2269 2292
2292 2293
2304 2542
2305 2386
734 2302
734 1266
734 2303
734 1193
734 1063
734 2036
734 1295
734 795
734 1683
734 1819
734 2009
734 2305
734 863
734 2269
734 2304
734 1818
734 760
734 1330
734 2292
734 2012
734 1161
