k : 2
Overall running time: 11.205s.
diameter : 9



ans.V.size: 
957 5 17 36 42 47 56 57 59 65 68 78 88 89 94 106 111 113 114 115 120 122 127 129 133 136 137 139 140 161 162 163 176 182 189 192 216 224 232 235 240 250 262 264 265 269 280 282 291 295 302 303 309 313 315 318 320 323 329 330 331 335 355 361 367 371 373 377 380 385 388 392 393 394 400 404 408 413 417 436 438 440 448 449 450 453 459 465 468 471 472 477 480 481 482 488 491 494 499 500 506 507 511 515 517 527 534 535 540 543 545 552 554 557 559 563 565 566 568 570 574 579 590 597 599 604 605 609 616 630 648 651 656 657 658 660 661 680 686 694 696 697 698 700 702 703 704 712 720 733 734 739 742 743 746 748 750 753 754 756 761 768 769 779 780 794 801 802 809 818 823 826 827 835 837 845 849 853 861 868 872 884 888 896 904 909 911 916 922 934 937 939 941 949 956 962 964 970 978 980 981 990 994 996 999 1008 1010 1012 1016 1034 1036 1043 1068 1074 1080 1081 1089 1105 1115 1116 1128 1132 1134 1137 1138 1145 1149 1151 1156 1159 1165 1172 1175 1184 1194 1197 1198 1200 1215 1225 1227 1238 1240 1246 1247 1249 1250 1252 1255 1257 1259 1267 1270 1283 1294 1307 1308 1309 1310 1318 1339 1352 1355 1356 1360 1361 1363 1368 1369 1371 1378 1403 1404 1409 1410 1413 1415 1416 1417 1427 1431 1436 1449 1465 1466 1467 1470 1480 1486 1487 1491 1501 1507 1510 1513 1521 1522 1526 1527 1528 1540 1544 1550 1552 1554 1558 1561 1562 1565 1567 1572 1573 1575 1579 1585 1587 1590 1593 1602 1607 1610 1611 1613 1619 1623 1626 1628 1630 1633 1638 1639 1645 1646 1652 1656 1657 1671 1675 1676 1677 1679 1686 1688 1690 1695 1697 1700 1702 1705 1706 1768 1769 1771 1772 1774 1775 1776 1777 1778 1779 1781 1783 1784 1787 1789 1792 1811 1826 1828 1831 1834 1841 1842 1843 1844 1845 1846 1847 1848 1849 1850 1851 1853 1857 1858 1870 1872 1874 1887 1888 1889 1895 1904 1905 1906 1914 1916 1917 1919 1920 1921 1956 1957 1973 1974 1987 1996 2016 2019 2021 2035 2047 2048 2049 2051 2052 2053 2061 2062 2063 2070 2071 2073 2079 2080 2081 2083 2084 2085 2086 2088 2090 2091 2092 2097 2101 2102 2103 2104 2114 2144 2146 2156 2163 2168 2169 2170 2171 2176 2178 2180 2186 2195 2202 2204 2209 2213 2216 2217 2221 2222 2242 2255 2257 2258 2267 2268 2270 2271 2285 2286 2287 2288 2289 2292 2296 2308 2314 2315 2317 2319 2320 2321 2322 2325 2327 2330 2344 2350 2360 2361 2366 2367 2373 2375 2376 2390 2391 2392 2393 2405 2408 2415 2416 2419 2422 2423 2437 2440 2441 2442 2443 2444 2445 2446 2447 2448 2449 2452 2459 2461 2467 2477 2479 2482 2486 2492 2493 2495 2504 2505 2511 2515 2516 2517 2526 2528 2547 2556 2557 2559 2561 2585 2591 2592 2594 2600 2609 2613 2615 2617 2628 2631 2643 2644 2645 2650 2652 2653 2686 104 410 1013 1337 1556 1682 1954 2089 351 21 31 35 51 54 60 69 70 71 73 74 91 98 102 103 112 116 125 130 134 150 155 156 157 171 174 175 177 190 204 229 237 242 245 247 253 256 266 275 278 290 319 324 327 334 338 342 343 347 358 360 365 372 389 418 427 441 447 452 460 467 490 502 520 525 541 553 555 558 564 573 581 591 610 611 614 617 627 629 631 644 645 649 683 685 687 688 690 695 705 709 721 726 729 736 740 745 751 755 758 759 765 774 797 798 808 820 824 831 832 843 848 854 855 858 874 877 881 883 892 903 906 920 930 936 946 951 952 958 959 971 979 986 1000 1014 1029 1030 1039 1041 1042 1046 1061 1078 1090 1098 1104 1111 1121 1124 1129 1143 1146 1147 1150 1155 1168 1170 1190 1206 1210 1230 1239 1244 1263 1268 1282 1285 1288 1293 1297 1306 1338 1340 1344 1347 1354 1358 1375 1385 1390 1396 1428 1445 1456 1471 1472 1479 1481 1484 1493 1496 1499 1500 1506 1508 1517 1538 1539 1547 1551 1553 1563 1566 1569 1584 1600 1605 1617 1618 1620 1621 1625 1641 1647 1653 1683 1691 1701 1708 1709 1710 1711 1712 1713 1714 1715 1716 1717 1718 1719 1720 1721 1722 1723 1724 1725 1727 1728 1729 1730 1731 1732 1733 1734 1735 1736 1737 1738 1739 1740 1741 1742 1743 1744 1745 1746 1747 1748 1749 1750 1751 1752 1753 1754 1755 1756 1757 1758 1759 1760 1761 1762 1763 1764 1765 1766 1767 1770 1773 1780 1782 1785 1786 1788 1790 1793 1798 1799 1800 1801 1802 1803 1804 1805 1806 1825 1827 1830 1852 1879 1880 1881 1882 1883 1884 1885 1886 1896 1899 1900 1901 1902 1903 1911 1912 1913 1915 1927 1955 1958 1959 1999 2010 2011 2017 2020 2027 2028 2029 2031 2046 2072 2093 2094 2096 2108 2113 2154 2166 2167 2185 2272 2273 2274 2275 2276 2324 2335 2389 2414 2451 2458 2498 2554 2597 2598 154 194 1624 307 37 119 345 390 442 531 582 646 662 672 749 974 1071 1359 1442 1662 1726 1918 2023 2026 2087 2107 2189 2190 2191 110 1073 455 2095 
5 1762
5 2176
5 1257
17 1633
17 2445
17 2643
17 971
36 1914
36 896
36 1297
42 176
42 645
42 597
42 1915
47 1605
47 2367
56 324
56 1080
56 2021
57 1850
57 1617
57 448
57 413
59 1716
65 1738
65 2617
65 1210
68 541
78 1804
78 660
88 843
89 1310
89 697
89 1733
89 2011
89 1883
89 1714
89 1742
89 163
89 2016
89 1848
89 1528
89 499
89 1175
89 2017
94 951
94 1496
106 1722
106 2652
106 2477
111 1600
111 568
111 1263
113 307
113 1624
113 2081
113 488
114 748
114 541
114 1885
115 2289
115 611
120 380
120 1550
120 1538
120 1902
122 1911
122 590
122 1159
122 981
127 307
127 237
127 1624
127 2046
127 2080
127 1552
129 371
129 393
129 2271
133 380
133 480
136 2096
137 832
139 237
139 1777
139 307
140 661
140 1781
140 911
140 307
140 1624
140 2046
161 746
161 1987
161 2010
161 554
161 278
162 2011
162 843
163 324
163 1175
176 956
176 1915
176 2389
176 597
182 1014
182 1465
182 1360
189 1170
189 1728
192 1999
192 609
192 1792
216 1702
216 1987
216 2046
224 1155
224 1762
224 745
232 388
232 552
232 1702
235 611
235 2592
240 888
240 911
240 1760
240 2419
250 1885
262 874
262 1702
262 1480
262 1895
264 365
264 1104
264 733
265 1827
265 845
265 1903
269 1741
269 2452
280 2166
291 1766
291 688
291 329
291 568
291 2360
295 307
295 2048
302 1170
302 2493
303 351
303 1159
303 307
303 720
309 351
309 1671
309 2046
313 1741
313 1723
313 1611
315 1624
318 1625
318 1786
320 1206
329 952
330 1799
331 1506
335 1014
335 694
355 660
355 1804
361 1825
361 1410
367 1584
367 1987
367 554
367 746
371 1415
371 2270
371 1409
371 1416
373 1711
373 627
377 1584
380 1899
385 1624
385 1625
388 520
392 1987
392 494
392 2366
393 1826
393 2270
393 1416
393 721
393 1620
394 740
400 2108
400 1090
400 1770
400 545
404 465
404 2504
404 1743
408 410
408 1682
408 696
408 1683
413 1850
413 1617
417 520
417 1702
436 1913
436 734
438 951
438 499
438 1496
440 1170
448 1850
448 1617
449 1903
449 1827
449 1825
453 1259
453 1624
459 1556
459 1954
465 2445
465 1759
465 2446
468 1709
468 1702
471 858
471 855
471 1098
471 1116
472 1014
477 1801
477 1987
480 1881
481 688
481 599
481 1711
481 2360
481 1427
481 2373
482 2292
482 1288
482 1811
482 824
488 1783
488 1774
488 1706
488 2081
488 1773
488 2027
488 1799
488 656
491 1974
491 1310
491 827
491 1132
491 1880
494 1760
499 1653
500 2458
500 2459
506 1449
506 1259
506 1252
506 2084
506 1780
506 1561
506 574
507 1915
507 1919
507 1014
511 1132
511 1172
511 1014
515 1883
517 1883
527 566
527 1743
527 1008
534 1743
534 2467
535 630
535 934
535 610
540 712
540 2156
540 1617
543 1246
543 1624
545 1770
545 2053
552 2389
554 1128
554 1996
554 2010
554 1584
554 746
557 1624
557 1806
559 877
559 1190
563 1736
563 1484
563 2451
563 705
565 1263
565 2477
566 1039
566 1724
566 688
566 1611
568 761
568 1263
570 1760
574 2408
574 644
579 1880
590 981
590 1625
590 1159
597 645
597 1915
604 2046
604 1874
604 1249
605 1915
605 1352
605 1653
609 1624
609 2081
616 2444
630 884
648 1268
648 1361
651 1558
651 1487
651 1757
651 2084
651 1686
651 820
656 2081
657 2091
658 1255
658 1230
658 1741
658 2443
658 872
658 2441
658 868
658 1730
660 1804
661 1624
680 1396
694 1852
696 1683
696 2320
696 949
696 1682
696 1337
696 1999
696 1013
698 1081
700 1702
700 2046
702 736
702 2063
702 740
703 2102
703 1638
703 780
703 2071
703 2070
703 1369
703 823
703 994
704 802
704 2498
712 2113
712 2114
720 1624
720 1811
733 1757
733 2686
734 2292
734 1683
739 2163
739 1081
742 1012
742 1089
742 2094
742 832
742 1283
743 1744
743 1621
743 1484
746 1996
746 1128
746 2010
746 1987
748 1539
750 2156
753 2452
753 958
753 2084
754 1881
754 1270
756 2072
756 1899
761 2461
761 986
761 1427
768 874
768 2315
768 1702
769 1725
769 1567
769 1724
779 1915
779 1225
779 1371
779 1920
779 780
780 1371
780 1915
780 1593
780 1920
780 1974
780 1225
794 1904
794 1903
802 1471
802 2517
809 1786
818 1737
818 1764
823 1974
826 1766
827 2288
835 2169
835 877
837 1014
837 1573
837 1344
837 2079
837 1132
845 1903
849 986
853 1801
861 1428
861 1528
861 1759
868 2441
868 1230
868 2440
868 872
868 2443
872 1230
872 2653
884 934
888 1624
888 1625
888 911
896 1297
896 1914
904 2031
909 1014
911 1624
911 2086
916 2598
916 2416
916 1036
916 1741
922 1915
934 1039
937 1068
937 2516
939 2028
941 1830
949 1682
949 1396
949 1683
956 1915
962 1729
962 2600
962 2556
964 1786
970 1736
970 1484
970 1744
970 2451
978 1282
980 1958
981 1368
981 1624
990 2286
990 1508
990 2437
990 1646
994 2156
996 1913
996 1310
999 1104
999 2366
999 1285
1008 1743
1008 1155
1008 2467
1010 2097
1016 1790
1016 1619
1016 1789
1034 2169
1036 1834
1036 1741
1036 1487
1036 1802
1043 2052
1043 2053
1043 1927
1068 2308
1068 2449
1068 1831
1080 1915
1081 2163
1089 1090
1115 1718
1115 2561
1128 1584
1128 1987
1132 2186
1132 1134
1132 1539
1132 1501
1132 1656
1132 2156
1132 1225
1134 1539
1134 2186
1134 1501
1137 1190
1137 2360
1145 1624
1145 1246
1149 1318
1149 2221
1149 2222
1149 1748
1151 1244
1156 1230
1165 1288
1172 2360
1172 1356
1175 1913
1184 1355
1184 1826
1184 1825
1194 1706
1197 1368
1197 1625
1198 1999
1198 1792
1200 1717
1200 1567
1200 1215
1200 1600
1215 1500
1215 1717
1215 1746
1225 1371
1225 2156
1225 1527
1225 1526
1225 1849
1225 1852
1225 1733
1225 1920
1225 1584
1225 2154
1227 1957
1227 1956
1238 1959
1240 2028
1246 2081
1246 1771
1249 1652
1249 2046
1250 2557
1250 2559
1250 1484
1252 1624
1252 1449
1255 1309
1257 2176
1257 1762
1270 1881
1283 1736
1283 2325
1283 1777
1283 1484
1294 2419
1307 1318
1308 1445
1309 1628
1310 2103
1310 1626
1310 2016
1310 1742
1310 1883
1310 1339
1310 2104
1318 1720
1318 1721
1318 2221
1318 2222
1318 1740
1339 1913
1352 1593
1352 1973
1352 1363
1355 2271
1356 1958
1360 1465
1360 1915
1361 1903
1361 2492
1361 1905
1363 1915
1368 1657
1368 1779
1368 2144
1368 2081
1368 1585
1369 1912
1369 2554
1371 2486
1371 1920
1371 1526
1371 2275
1378 1841
1378 2389
1378 2071
1378 2070
1403 1920
1403 1973
1403 1617
1409 1830
1409 1827
1409 1554
1410 1827
1410 1554
1410 1828
1413 1736
1413 1484
1413 1744
1413 2451
1415 2271
1415 1416
1416 2270
1417 1927
1427 1752
1431 1719
1436 2072
1449 2046
1449 2035
1465 1915
1466 1800
1470 2350
1470 2591
1470 1499
1480 1702
1480 1895
1486 1915
1487 1746
1491 2086
1501 1539
1501 2186
1513 2146
1521 1751
1521 1766
1526 1974
1526 1915
1527 1880
1528 2275
1528 2451
1540 1915
1544 1882
1550 1902
1550 2287
1554 1828
1558 2169
1558 2084
1561 1624
1562 1624
1565 1773
1565 1787
1567 2072
1567 1733
1567 1896
1573 1777
1575 1987
1579 2498
1585 1799
1587 2169
1590 1746
1590 2597
1593 2072
1593 2486
1593 1915
1602 1751
1610 1792
1610 1913
1611 2557
1611 2559
1619 1790
1626 1730
1628 1741
1630 1712
1633 1757
1638 1974
1652 2046
1656 1843
1656 2296
1656 1895
1657 1799
1675 2609
1675 1915
1676 1915
1676 1677
1677 1915
1679 1747
1686 2084
1688 1722
1697 1714
1702 1870
1702 1853
1702 1858
1702 1847
1702 1857
1702 1800
1702 1874
1702 1872
1705 1987
1705 1913
1768 1784
1771 2081
1772 1779
1774 1781
1774 1790
1777 2079
1777 2325
1777 2046
1778 2144
1783 1799
1783 2327
1792 2046
1811 1870
1831 2046
1841 2072
1850 1915
1853 2046
1857 2046
1857 2097
1874 1987
1888 1889
1895 2035
1904 2270
1906 1915
1916 2650
1921 1927
1921 2423
1956 1957
1987 1999
1987 2010
1987 1996
2016 2072
2019 2020
2047 2049
2051 2486
2070 2071
2084 2169
2086 2090
2101 2102
2114 2451
2156 2296
2169 2170
2213 2217
2216 2217
2221 2526
2221 2222
2267 2322
2267 2268
2270 2271
2271 2376
2285 2286
2286 2287
2288 2289
2360 2373
2390 2452
2391 2452
2391 2392
2392 2452
2393 2452
2416 2598
2440 2653
2443 2615
2445 2504
2446 2504
2447 2449
2447 2448
2477 2652
2515 2516
2556 2600
104 140
104 609
104 307
104 1776
410 1682
410 1625
410 2085
1013 1682
1013 1798
1013 1337
1013 1683
1337 2035
1337 1798
1556 1954
1682 2320
1682 2321
1682 2319
351 1624
351 1641
351 1776
351 1783
351 2091
351 2090
351 2086
351 2085
351 657
351 1779
21 2375
21 1073
21 2270
21 2271
21 2376
31 1417
31 1359
31 2163
31 698
31 739
31 2344
35 1359
51 1442
54 1104
54 1740
54 1359
60 1288
60 1628
60 616
60 106
60 581
60 1068
60 1726
60 2652
60 1359
60 610
69 1987
69 392
69 1359
70 605
70 2190
70 1921
70 1014
70 1915
70 1927
70 1352
71 442
71 2185
73 1359
73 1104
74 559
74 1137
74 1724
74 450
74 1215
74 1746
74 1752
74 877
74 1190
74 1359
74 1036
74 798
91 818
91 1359
91 157
91 156
98 662
98 1354
102 282
102 1590
102 1359
103 1252
103 2257
103 1872
103 1562
103 1449
103 1879
103 1624
103 110
112 1170
112 1359
112 2493
112 2644
112 1763
112 759
116 974
125 307
125 1623
125 2479
125 1368
130 442
130 702
134 2083
134 1624
134 400
134 453
134 1671
134 1785
134 1778
134 2046
150 1656
150 1417
150 2026
150 1081
155 1239
155 1340
155 1445
155 1569
155 1359
155 2526
155 1753
155 1754
155 365
155 820
155 1755
155 327
156 1690
156 1764
156 157
156 1359
156 1737
156 818
157 1764
157 1359
157 1690
157 818
171 1359
171 1068
174 688
174 1359
174 1587
174 1034
175 1743
175 630
175 2335
175 1359
177 974
177 232
190 1263
190 1073
190 565
190 1510
204 855
204 1870
204 964
204 1116
204 858
229 1872
229 1359
229 323
229 849
229 1722
237 2046
237 2080
237 1073
237 2047
237 2079
237 1573
237 307
242 1442
245 1359
245 1611
245 566
245 1073
247 1688
247 1359
247 2516
247 937
253 1974
253 712
253 974
253 2486
256 2113
256 1344
256 1267
266 1442
275 749
275 750
278 697
278 974
278 554
278 1870
290 1359
290 1723
319 2046
319 564
319 1702
324 2023
324 2021
324 499
327 1755
327 1359
334 1359
334 1695
338 1359
338 1777
338 1500
338 1215
342 1359
342 2046
342 614
342 1390
342 1547
343 1073
343 1513
347 1359
347 1000
358 1359
358 1155
358 658
358 2653
360 390
360 1621
360 1484
365 2643
365 1633
365 971
365 733
365 1307
365 820
365 1359
365 1757
365 1607
372 1355
372 1442
372 721
372 1554
372 2376
372 1416
372 1415
389 2498
389 1900
418 1073
418 2035
418 2495
418 1872
427 1806
427 1778
427 488
427 1783
427 1773
427 1790
441 1297
441 442
441 2180
441 1914
441 896
441 726
447 904
447 1508
452 936
452 2286
452 672
460 1624
460 1682
467 2547
467 1359
467 971
467 1306
467 1739
490 2391
490 2392
490 1359
502 1359
502 1766
520 1347
520 837
520 599
520 1999
520 2046
520 1671
520 1987
520 1575
525 980
525 553
525 2477
525 1359
525 1170
541 1442
541 748
541 2528
553 2202
553 1359
553 1170
555 686
558 1726
564 2046
564 1702
564 1338
573 2419
573 1417
573 2026
581 1743
581 1359
581 1759
581 1766
581 2446
581 2445
581 745
591 1442
591 1955
610 1042
610 2449
610 2447
610 1359
610 884
610 2448
611 2482
611 2288
611 827
611 2289
614 1359
617 2366
617 1359
617 2504
617 1740
627 2557
627 2559
627 1359
629 1170
629 1765
629 2547
629 1726
631 974
644 1539
644 1168
644 2408
645 729
645 2178
645 1259
645 712
649 1442
683 974
683 1225
685 1359
685 1283
687 1359
687 2367
688 1722
688 1547
688 1611
688 1359
688 1172
688 1726
688 1587
688 2373
688 1034
688 2360
688 1711
690 1318
690 1359
690 1170
690 1293
690 1722
695 1479
695 2517
705 1744
705 2451
705 2114
705 1484
705 1413
705 970
709 837
709 2217
709 1359
709 2213
721 1442
726 1653
726 2072
726 1138
726 1105
729 2554
729 1071
729 2389
729 1297
736 2063
736 2062
736 740
736 1544
736 1238
736 1882
736 1959
736 2061
740 1959
740 1882
740 1544
740 1238
745 1359
745 1155
751 1442
755 1484
755 1359
755 2451
758 2422
758 1285
758 1359
759 1763
759 1359
759 2493
765 797
765 1359
765 1607
765 1613
774 1073
774 1506
797 1318
797 1104
797 1359
798 1359
798 2360
798 1834
798 801
808 1956
808 1227
808 1957
820 1359
820 1607
824 1359
824 1170
824 2222
824 1766
831 2101
831 1915
832 1359
832 2094
832 1639
832 1012
832 1734
843 2017
848 2190
848 2423
854 1763
854 1170
854 1359
855 1098
855 936
855 1885
855 858
858 1247
858 1098
874 1480
874 1359
874 1709
874 2314
877 1359
877 2169
877 2585
881 974
881 1014
883 1359
892 2609
892 1675
903 1285
903 1605
903 1359
906 1283
906 1484
906 1621
920 1359
930 1359
930 2628
936 1874
936 974
946 1912
946 1513
946 2389
946 1073
952 1359
958 1686
958 1758
958 1155
958 1359
958 2168
958 2084
958 1558
959 1073
959 1799
971 1359
971 2366
979 1359
979 999
986 1359
986 1074
986 1150
1000 1359
1014 1843
1014 1584
1014 1841
1014 1730
1014 1844
1014 1662
1014 1847
1014 1842
1014 1645
1014 1845
1014 1522
1014 1851
1014 1850
1014 1465
1014 1849
1014 1294
1014 1848
1014 1626
1014 1404
1014 1846
1014 2046
1014 1121
1014 1676
1014 1852
1030 2167
1039 1359
1039 2504
1041 1318
1041 1766
1041 1170
1041 1359
1042 1359
1042 1244
1042 2449
1042 1467
1042 2391
1046 1774
1046 1572
1061 1442
1078 2451
1078 1484
1078 2114
1090 2087
1090 1553
1098 1870
1098 1116
1104 1761
1104 1749
1104 1124
1104 1888
1104 1481
1104 1889
1104 1719
1104 1887
1104 1521
1104 1285
1104 1359
1111 2026
1111 1121
1111 2296
1111 1225
1121 1584
1121 2026
1121 2195
1124 1359
1129 1955
1129 2276
1129 1442
1143 2327
1146 1170
1146 1359
1147 1507
1147 2255
1147 1506
1150 1987
1150 1895
1150 1359
1155 2516
1155 1743
1155 1715
1155 1359
1155 1716
1155 2515
1170 2221
1170 1738
1170 1720
1170 1721
1170 1359
1170 2493
1170 1732
1170 1715
1170 1735
1170 2477
1190 1359
1190 2360
1206 1359
1206 1762
1210 1359
1210 1738
1230 2440
1230 1309
1230 1359
1230 1750
1230 2443
1230 1255
1230 1385
1230 1507
1230 2442
1230 1628
1230 2441
1239 1359
1244 1359
1263 1510
1268 1825
1282 1359
1282 1749
1282 1747
1285 1605
1285 2451
1285 1359
1288 1359
1293 1318
1293 1359
1297 1911
1297 1913
1297 1914
1297 1912
1306 1359
1338 2046
1338 1702
1340 1754
1340 1359
1344 1646
1344 2317
1344 1508
1344 2166
1347 1671
1358 2026
1358 2171
1390 2598
1396 2073
1396 2268
1396 2267
1396 2190
1428 1743
1428 2447
1428 1726
1445 2324
1456 1538
1471 1556
1471 1954
1471 2554
1471 1825
1472 1647
1479 1903
1484 1744
1484 2114
1484 1621
1484 1727
1484 2084
1484 1736
1484 2209
1493 1766
1499 2026
1499 2591
1499 2350
1500 1777
1506 1700
1506 1802
1506 2108
1506 2087
1506 1553
1506 1789
1506 1625
1508 2437
1508 1646
1517 2613
1539 1843
1539 2186
1547 1805
1547 2170
1551 2084
1553 1779
1553 2592
1563 1766
1566 2366
1569 1730
1584 1996
1584 2026
1600 2442
1600 2461
1600 2615
1617 2051
1617 1850
1620 2270
1621 2451
1625 1788
1625 1781
1625 1779
1625 1787
1625 1789
1625 1778
1625 1786
1625 1780
1625 1706
1653 1849
1653 1973
1683 2321
1683 2190
1683 2292
1683 2322
1683 2320
1691 2113
1709 1858
1709 2315
1709 2314
1710 1987
1710 2366
1710 1740
1710 1739
1711 2445
1712 1732
1712 1766
1712 1731
1713 1726
1713 2447
1714 1899
1715 1728
1717 2447
1718 1732
1718 2561
1719 2686
1720 1766
1721 1766
1722 2477
1722 1762
1724 1725
1725 2216
1725 2217
1727 2169
1729 2600
1729 2258
1729 2556
1732 1756
1735 2598
1736 2325
1736 1777
1737 1764
1738 2617
1738 1889
1739 2367
1739 2366
1740 1887
1740 1751
1740 2222
1740 1767
1741 2392
1741 1805
1741 2390
1741 2391
1741 2393
1742 2594
1743 2444
1743 2308
1743 1750
1743 2446
1743 1759
1743 2445
1744 2451
1744 2114
1745 1766
1746 2597
1750 2447
1751 1766
1751 1767
1752 2597
1753 1755
1756 1766
1757 2643
1758 2452
1759 2467
1762 2176
1766 2493
1773 2046
1773 1783
1780 2319
1782 1999
1782 2108
1785 2046
1785 2097
1788 1811
1788 2144
1788 2046
1793 2486
1798 2089
1802 2452
1802 2204
1803 2080
1805 2452
1825 1827
1825 1826
1827 1830
1827 1828
1830 1903
1852 2486
1879 2257
1882 1959
1885 1886
1885 1959
1886 2645
1900 1903
1900 2511
1900 2492
1901 2609
1902 1955
1902 2287
1902 2285
1903 1905
1903 1904
1912 2554
1913 2405
1913 2104
1913 2103
1915 1918
1915 1921
1915 1920
1915 2389
1915 1916
1915 1919
1915 1917
1927 2052
1927 2190
1927 2053
1955 1957
1955 1958
1955 1959
1955 1956
1955 2276
1958 2242
1958 2631
1999 2327
2010 2026
2011 2017
2017 2072
2027 2046
2027 2097
2028 2361
2031 2113
2046 2047
2046 2048
2046 2049
2096 2146
2096 2330
2096 2505
2113 2437
2154 2156
2414 2415
2414 2416
2458 2650
2458 2459
154 460
154 1624
154 2046
154 307
154 237
194 459
194 442
1624 1779
1624 1777
1624 1775
1624 1773
1624 1768
1624 1780
1624 1778
1624 1784
1624 1785
1624 1783
1624 1782
1624 1781
1624 1776
1624 1771
1624 1774
1624 1770
1624 1769
1624 1772
307 1194
307 720
307 1652
307 1573
307 2047
307 309
307 1772
307 2088
307 1585
307 959
307 1552
307 1771
307 2087
307 574
307 656
307 543
307 1491
307 609
307 974
307 2079
307 657
307 1368
307 1776
307 2092
307 1073
307 520
307 1641
307 1799
307 1246
307 2085
307 1798
307 2086
307 427
307 1788
307 1159
307 1657
307 1805
307 1252
307 555
307 1803
307 582
307 477
307 1706
307 418
307 2046
307 1780
307 911
307 2091
307 2049
307 1783
307 1857
307 1782
307 1347
307 1806
307 2090
307 488
307 330
307 2081
307 453
307 888
307 1046
307 351
307 1773
307 2089
307 1484
307 1010
307 1800
37 2107
37 1147
37 1553
37 2108
37 1506
37 1782
37 2095
37 1641
119 1508
119 2166
119 1344
119 455
119 1030
119 843
119 1539
119 1852
119 389
119 2167
119 2031
119 582
119 555
119 2011
119 447
119 2113
119 1691
119 1617
119 256
345 662
345 442
345 855
345 390
345 2324
390 1744
390 2451
390 1078
390 906
390 1484
390 705
442 1456
442 1538
442 2095
442 455
442 672
442 2185
531 1506
531 1014
531 2095
582 1793
582 1624
582 1617
646 1901
646 1900
646 1899
646 1268
646 1359
646 951
646 1902
646 1496
646 1825
646 1827
646 892
646 1896
662 1029
662 1879
662 1046
662 808
662 1883
662 1354
662 1881
662 936
662 1884
662 1886
662 1882
662 1885
662 831
662 1880
672 974
672 2026
749 1104
749 1359
749 1733
749 1618
749 1375
749 1146
749 1569
749 1170
749 1551
749 2554
974 1143
974 2020
974 2017
974 1073
974 1584
974 2154
1071 1830
1071 1359
1071 1471
1071 1726
1071 1073
1071 1168
1359 1766
1359 1755
1359 1732
1359 1757
1359 1484
1359 1748
1359 1712
1359 1730
1359 1563
1359 1741
1359 1747
1359 1744
1359 1724
1359 1739
1359 1600
1359 1767
1359 1761
1359 1647
1359 1551
1359 1718
1359 1709
1359 2598
1359 1763
1359 1710
1359 1738
1359 1445
1359 1760
1359 1751
1359 1481
1359 1765
1359 1743
1359 1472
1359 1605
1359 1711
1359 1493
1359 1750
1359 1500
1359 1731
1359 1740
1359 1745
1359 1713
1359 1714
1359 1547
1359 1715
1359 1716
1359 1717
1359 1719
1359 1722
1359 1385
1359 1517
1359 1720
1359 1566
1359 1733
1359 1721
1359 1621
1359 1723
1359 1725
1359 1726
1359 1390
1359 1727
1359 1728
1359 1729
1359 1734
1359 1735
1359 1736
1359 1569
1359 1737
1359 1742
1359 1746
1359 1749
1359 1752
1359 1753
1359 1754
1359 1756
1359 1758
1359 1759
1359 1762
1359 1764
1442 1708
1442 1620
1442 2273
1442 2276
1442 2272
1442 1955
1442 2274
1442 1959
1442 1958
1442 1701
1442 2275
1662 1852
1726 2598
1726 1741
1726 2414
1726 1746
1726 2335
1726 1735
1726 2597
1918 2458
2023 2191
2026 2029
2026 2028
2026 2027
2087 2095
110 1338
110 154
110 1046
110 1786
110 1773
110 1625
110 1662
110 2094
110 319
110 134
110 2095
110 2093
110 1770
110 290
110 125
110 1790
110 1780
110 520
110 1999
110 1806
110 427
110 2096
110 564
110 1788
110 611
110 1347
110 237
110 460
110 177
110 307
110 2046
1073 1799
1073 1484
1073 1798
1073 1359
1073 1803
1073 1734
1073 1785
1073 1479
1073 1804
1073 1741
1073 1805
1073 1806
1073 1801
1073 1802
1073 1506
1073 1726
1073 1800
1073 1263
455 2189
455 1662
455 2023
455 2191
455 1918
455 1442
455 2190
455 582
455 974
2095 2107
