k : 2
Overall running time: 8.739s.
diameter : 10



ans.V.size: 
1089 2 3 11 12 14 19 25 26 30 31 33 35 36 38 44 46 54 56 57 60 69 72 73 74 80 88 91 94 96 102 112 115 121 122 126 129 133 136 144 150 152 155 156 157 158 159 161 162 171 174 175 180 182 190 192 200 202 205 206 211 212 216 217 219 227 229 232 233 235 236 240 243 245 247 259 262 263 265 267 273 280 304 315 318 327 334 335 336 338 342 343 344 347 356 357 358 361 365 367 371 376 377 385 388 392 394 400 401 407 408 410 413 417 421 425 434 438 448 449 461 466 467 468 472 473 479 480 484 485 490 497 500 501 502 505 506 511 526 533 540 545 548 552 553 554 557 563 567 572 573 581 587 590 594 599 601 610 614 617 627 634 635 639 644 645 648 650 661 665 667 669 674 677 680 682 685 686 687 688 690 694 696 700 703 707 709 710 712 713 717 725 729 730 734 742 743 745 746 747 749 755 756 758 759 765 768 774 785 793 794 796 797 798 806 809 810 815 817 819 820 823 824 832 837 839 841 851 854 860 869 870 874 875 877 879 883 886 898 900 903 904 905 908 909 920 925 930 946 949 952 958 967 969 970 971 979 981 986 990 993 1000 1013 1016 1023 1024 1027 1028 1039 1040 1041 1042 1043 1053 1071 1075 1076 1081 1086 1090 1093 1095 1096 1101 1104 1105 1106 1111 1121 1122 1123 1124 1128 1134 1138 1141 1142 1145 1146 1147 1150 1155 1158 1167 1169 1170 1179 1180 1184 1188 1190 1192 1196 1197 1198 1205 1206 1210 1213 1216 1219 1223 1227 1230 1239 1240 1242 1244 1249 1250 1254 1259 1263 1267 1269 1277 1282 1283 1285 1288 1290 1292 1293 1294 1296 1300 1306 1308 1312 1314 1324 1333 1334 1335 1336 1337 1340 1342 1345 1352 1353 1358 1373 1378 1385 1390 1397 1400 1403 1404 1405 1409 1410 1413 1417 1418 1421 1422 1428 1435 1441 1444 1454 1460 1464 1466 1471 1472 1475 1479 1480 1481 1483 1488 1493 1499 1500 1501 1502 1504 1506 1517 1522 1536 1544 1547 1551 1553 1556 1559 1561 1563 1565 1566 1567 1569 1571 1575 1588 1600 1605 1619 1621 1623 1636 1637 1638 1645 1646 1647 1653 1656 1661 1666 1668 1671 1682 1684 1697 1698 1704 1705 1709 1710 1711 1712 1713 1715 1716 1717 1718 1719 1720 1721 1722 1723 1724 1725 1726 1727 1728 1729 1730 1731 1732 1734 1735 1736 1737 1738 1739 1740 1741 1743 1745 1746 1747 1748 1749 1750 1751 1752 1753 1754 1755 1756 1757 1758 1759 1760 1761 1762 1763 1764 1765 1766 1767 1768 1769 1775 1777 1778 1779 1784 1785 1787 1789 1791 1792 1801 1802 1804 1811 1813 1821 1822 1826 1828 1830 1831 1841 1842 1843 1844 1845 1846 1847 1849 1851 1853 1854 1855 1856 1858 1859 1860 1861 1862 1863 1864 1865 1866 1867 1868 1869 1871 1873 1875 1876 1877 1878 1898 1903 1910 1911 1912 1913 1931 1954 1961 1977 1978 1980 1981 1982 1983 1988 1989 1990 1991 1992 1993 1994 1995 1996 1997 1998 2000 2001 2002 2003 2004 2005 2006 2007 2008 2009 2010 2021 2025 2027 2028 2029 2035 2048 2051 2052 2053 2061 2062 2063 2072 2073 2076 2080 2082 2083 2084 2097 2100 2101 2102 2105 2106 2108 2110 2111 2114 2132 2134 2135 2136 2137 2138 2144 2146 2152 2153 2155 2156 2157 2163 2164 2183 2186 2208 2209 2218 2229 2236 2241 2243 2252 2253 2267 2268 2271 2277 2279 2281 2282 2283 2284 2288 2289 2292 2294 2310 2311 2313 2317 2319 2320 2321 2322 2323 2327 2328 2330 2340 2360 2375 2383 2386 2396 2397 2398 2400 2401 2402 2406 2408 2423 2425 2426 2435 2437 2452 2454 2459 2468 2477 2479 2481 2482 2492 2495 2498 2505 2511 2529 2593 2594 2598 2599 2609 2629 2645 2650 2654 2700 647 1530 1550 1960 21 37 42 61 62 68 70 77 98 104 113 116 120 125 127 131 134 139 140 154 163 176 177 237 250 253 278 283 290 295 301 303 309 319 324 330 332 351 360 389 390 393 416 418 427 437 447 452 453 459 460 477 488 491 499 507 515 517 520 525 531 543 555 564 574 579 597 604 605 609 611 622 631 653 656 657 683 697 702 705 720 726 738 740 744 754 779 780 808 816 827 831 842 843 848 852 861 881 888 891 892 896 906 911 922 951 956 959 964 980 996 1010 1014 1029 1030 1073 1078 1080 1116 1132 1143 1159 1172 1175 1194 1225 1228 1238 1246 1247 1252 1268 1289 1297 1304 1315 1338 1339 1344 1347 1354 1355 1356 1359 1360 1363 1368 1395 1396 1415 1416 1445 1449 1465 1484 1486 1491 1495 1496 1508 1526 1527 1539 1540 1552 1554 1562 1572 1573 1584 1585 1593 1617 1624 1625 1626 1631 1641 1652 1657 1659 1669 1675 1676 1677 1678 1683 1691 1702 1706 1714 1733 1742 1744 1770 1771 1772 1773 1774 1776 1780 1781 1782 1783 1786 1788 1790 1793 1798 1799 1800 1803 1805 1806 1825 1827 1840 1848 1850 1852 1857 1870 1872 1874 1879 1880 1881 1882 1884 1886 1896 1899 1900 1901 1904 1906 1909 1914 1916 1917 1919 1920 1921 1927 1956 1957 1974 1975 1976 1979 1987 1999 2011 2012 2013 2014 2015 2016 2017 2018 2019 2020 2026 2031 2046 2047 2049 2079 2081 2085 2086 2087 2088 2089 2090 2091 2092 2093 2094 2096 2103 2104 2107 2113 2154 2166 2167 2179 2180 2228 2242 2257 2270 2285 2286 2287 2324 2376 2389 2395 2451 2458 2486 2528 2631 256 380 1902 736 51 71 89 103 110 114 119 130 194 204 242 266 307 345 372 441 471 541 582 591 646 649 662 672 721 748 751 858 936 974 1046 1061 1098 1129 1270 1310 1371 1456 1528 1620 1662 1701 1708 1883 1885 1915 1918 1955 1958 1959 2023 2095 2185 2189 2190 2191 2272 2273 2274 2275 2276 1538 442 455 855 1442 
2 3
2 653
3 1987
11 477
12 1840
12 1656
14 1811
14 1702
19 1561
19 140
19 1787
19 2146
19 2083
25 202
25 1637
25 1702
25 599
26 1345
26 2012
30 964
31 1417
31 2163
31 1359
33 1851
33 1974
33 280
35 1359
36 1914
36 896
36 1297
38 61
44 2400
44 2401
44 964
46 734
46 1987
54 1104
54 1740
54 1359
56 211
56 2021
56 61
56 324
56 1080
56 816
57 1850
57 413
57 1617
57 448
60 610
60 1359
60 1288
60 581
60 1726
69 1987
69 392
69 1359
72 1987
73 1359
73 1104
74 1724
74 1746
74 1752
74 877
74 1190
74 798
74 1359
80 604
88 843
91 1359
91 157
91 156
94 951
94 2152
94 1496
96 694
96 1536
96 1304
96 2183
96 335
102 1359
112 1170
112 1359
112 1763
112 759
115 2289
115 611
121 515
121 1843
121 484
121 2406
121 817
122 590
122 981
122 2252
122 1911
122 2253
122 1159
126 459
129 371
129 2271
129 393
133 380
133 905
133 1960
133 480
133 1023
136 2096
144 1702
144 599
150 1656
150 1417
150 2026
150 1081
152 1987
155 1239
155 1340
155 1445
155 1569
155 1359
155 1753
155 1754
155 365
155 820
155 1755
155 327
156 1737
156 1359
156 157
156 1764
157 1764
157 1359
158 1702
158 1871
158 599
159 1702
159 2035
161 2001
161 746
161 1987
161 554
161 2010
161 744
161 278
162 2011
162 843
171 1359
174 688
174 1359
175 1743
175 1359
180 232
180 1987
182 1465
182 1360
182 1684
182 1014
190 1263
190 1073
192 609
192 1792
192 1678
192 2386
192 1999
200 1870
200 421
202 1702
202 1987
202 599
205 416
206 1870
206 1702
211 2310
211 1906
211 1080
212 1909
212 357
212 1910
212 1395
216 2046
216 1702
216 1987
217 1702
219 793
219 734
219 2092
227 1702
229 1872
229 1722
229 1359
232 1702
232 233
232 1869
232 552
232 2218
232 388
233 1702
233 1987
233 1865
233 870
235 611
236 1702
240 1760
240 911
240 2183
240 1910
240 888
243 1132
243 280
243 839
243 2281
245 1073
245 1359
247 1359
259 1095
259 964
262 1702
262 1480
262 874
263 1465
263 1352
265 1903
265 473
265 1827
267 2228
267 579
267 810
273 2013
280 839
280 1196
280 2281
280 667
280 2166
304 1671
304 2144
304 720
315 1624
315 2001
318 1786
318 1625
327 1755
327 1359
334 1359
335 1014
335 694
336 1987
336 1702
338 1777
338 1500
338 1359
342 2046
342 1359
342 614
342 1390
342 1547
343 1073
344 1702
347 1359
347 1000
356 1669
357 2019
357 499
358 1155
358 1359
361 1825
361 1410
365 971
365 1359
365 820
365 1757
367 1584
367 1987
367 554
367 746
371 1415
371 1409
371 2270
371 1416
376 2402
376 2435
376 964
377 1584
385 1624
385 1625
388 520
392 1987
394 740
400 1770
400 545
400 1090
400 2108
401 1355
407 506
408 696
408 1683
408 1682
408 410
410 2085
410 1625
410 1682
413 1850
413 1617
417 520
417 1702
421 1870
425 437
434 437
438 951
438 499
438 1496
448 1850
448 1617
449 1827
449 1825
449 473
449 1903
461 1990
461 1987
466 1404
466 1870
467 1359
467 971
467 1306
467 1739
468 1702
468 1709
472 2014
472 2395
472 1014
473 1826
473 1184
479 515
479 1979
479 2025
480 1881
484 2406
484 817
485 1776
485 1368
485 2082
485 2047
485 543
490 1359
497 597
497 993
497 712
500 2458
500 2459
501 2242
502 1359
502 1766
505 1974
505 2397
505 2395
506 1259
506 1252
506 1449
506 574
506 1561
506 2084
506 1780
511 1014
511 1172
511 1132
526 2183
533 1702
533 1864
540 712
540 2156
540 1617
545 1770
545 2053
548 599
548 1702
552 2389
553 1170
553 1359
554 746
554 2010
554 1996
554 1584
554 1128
557 1624
557 1806
563 1736
563 1484
563 705
563 2451
567 1987
572 697
572 1571
573 1417
573 2026
581 1743
581 745
581 1766
581 1759
581 1359
587 1219
587 2156
587 1225
590 1159
590 1625
590 981
594 1475
594 1116
599 1871
599 1300
599 1876
599 1101
599 870
599 1822
599 969
599 1865
599 1637
601 2395
610 1042
610 1359
614 1359
617 1359
617 1740
627 1359
634 1702
634 1867
635 2228
639 809
639 925
639 1774
644 1539
644 2408
645 712
645 1259
645 729
648 905
648 1268
650 1172
661 1624
665 1702
667 1851
667 1974
674 1987
677 1956
677 2236
680 1396
682 1172
682 1987
685 1359
685 1283
687 1359
688 1172
688 1359
688 1726
688 1547
688 1722
688 2360
688 1711
690 1359
690 1170
690 1293
690 1722
694 1852
696 1682
696 1683
696 1791
696 949
696 1999
696 1013
696 1337
696 2320
700 1702
700 2328
700 2046
703 2102
703 1638
703 823
703 780
707 964
707 806
709 837
709 1359
710 1904
712 2113
712 2114
713 851
713 2481
713 1465
717 1811
717 1822
725 2396
725 1345
725 2395
729 1297
729 2389
729 1071
730 1702
734 2009
734 2012
734 1683
734 2292
742 1283
742 2094
742 832
743 1621
743 1744
743 1484
745 1359
745 1155
746 1996
746 1128
746 2010
746 1987
747 1304
747 2007
749 1551
749 1569
749 1170
749 1146
749 1359
749 1104
749 1733
755 1484
755 2451
755 1359
756 2072
756 1899
758 1359
758 1285
759 1763
759 1359
765 797
765 1359
768 874
768 1702
774 1073
774 1506
785 1702
793 1987
793 1559
794 1903
794 2593
794 1904
796 1811
796 1646
797 1104
797 1359
798 2360
798 1359
806 964
809 925
809 1786
810 2229
810 1116
815 2383
815 1159
817 1843
817 2283
817 2406
817 1981
819 2000
820 1359
823 1974
824 1766
824 1359
824 1170
832 1734
832 2094
832 1359
837 1014
837 1132
837 1573
837 1344
837 2079
839 1132
839 2281
839 869
841 1904
841 2482
851 2279
851 1465
854 1763
854 1170
854 1359
860 2097
869 1196
869 1527
869 2277
869 1342
869 1845
869 2100
870 1702
870 1865
870 1441
874 1480
874 1359
874 1709
875 1702
877 1359
879 886
879 2327
883 1359
886 1040
886 2025
898 1495
900 1859
900 1987
903 1285
903 1605
903 1359
904 2031
905 1960
908 1352
908 1917
909 1014
920 1359
930 1359
946 1912
946 2389
946 1073
949 1682
949 1683
949 1396
952 1359
958 1155
958 2084
958 1359
958 1758
969 1987
970 1736
970 1484
970 1744
970 2451
971 1359
979 1359
981 1368
981 1624
986 1359
986 1150
990 1508
990 2286
990 2437
990 1646
1000 1359
1013 1798
1013 1337
1013 1682
1013 1683
1016 1619
1016 1790
1016 1789
1023 1277
1023 1169
1024 1702
1024 1987
1027 1304
1027 2035
1028 2395
1039 1359
1041 1766
1041 1170
1041 1359
1042 1244
1042 1359
1043 1927
1043 2053
1043 2052
1053 1702
1071 1073
1071 1830
1071 1726
1071 1471
1071 1359
1075 1676
1075 1502
1075 1677
1076 1702
1081 2163
1086 1422
1086 2395
1086 2111
1086 2110
1090 1553
1090 2087
1093 1172
1095 1444
1096 1811
1096 1987
1101 1702
1104 1359
1104 1749
1104 1285
1104 1761
1104 1481
1104 1719
1104 1124
1111 1225
1111 1121
1111 2026
1121 2026
1121 1584
1122 1132
1122 1811
1122 2137
1122 1656
1124 1359
1128 1584
1128 1987
1134 1539
1134 2186
1134 1501
1145 1624
1145 1246
1146 1170
1146 1359
1147 1506
1150 1359
1150 1987
1155 1715
1155 1743
1155 1716
1155 1359
1158 2241
1167 1987
1169 1956
1170 1735
1170 1359
1170 1720
1170 1732
1170 1715
1170 1721
1170 2477
1170 1738
1179 1530
1179 1909
1180 1956
1184 1355
1184 1826
1184 1825
1190 2360
1190 1359
1192 1559
1192 2340
1192 2242
1197 1368
1197 1625
1198 1999
1198 1792
1205 1840
1206 1762
1206 1359
1210 1738
1210 1359
1213 1702
1223 1225
1227 1957
1227 2529
1227 1956
1230 1359
1230 1385
1230 1750
1239 1359
1240 2028
1242 1702
1244 1359
1249 1652
1249 2046
1250 1484
1267 1530
1269 2310
1282 1359
1282 1749
1282 1747
1283 1777
1283 1484
1283 1736
1285 1359
1285 2451
1285 1605
1288 1359
1290 1706
1290 1623
1292 1661
1292 2155
1293 1359
1296 1988
1300 1811
1300 1702
1306 1359
1308 1445
1312 2081
1312 1314
1314 2408
1324 1702
1333 2025
1334 1974
1334 2313
1335 1702
1336 2091
1336 2088
1336 1857
1337 1798
1337 2035
1340 1754
1340 1359
1342 2426
1352 2135
1352 2283
1352 1363
1352 1536
1352 1593
1358 2026
1378 1841
1378 2389
1390 2598
1397 2395
1397 1422
1397 2229
1397 2110
1397 2396
1397 1400
1400 2310
1400 2395
1400 2228
1400 1502
1403 1920
1403 1483
1403 1617
1405 2376
1409 1830
1409 1827
1409 1554
1410 1828
1410 1827
1410 1554
1413 1736
1413 1484
1413 1744
1413 2451
1417 1927
1418 1704
1418 1530
1421 2397
1421 1422
1421 2395
1422 1976
1422 2110
1422 2395
1422 2111
1428 1726
1428 1743
1435 1987
1441 1702
1444 2241
1444 2400
1454 1987
1454 1702
1460 2081
1464 2134
1464 2132
1466 1800
1471 1825
1471 1556
1471 1954
1472 1647
1475 1909
1479 1903
1480 1702
1483 1974
1488 2018
1488 1850
1488 1502
1488 2138
1493 1766
1499 2026
1500 1777
1501 1539
1501 2186
1502 2396
1502 2229
1502 1677
1504 2242
1506 2087
1506 1789
1506 1625
1506 1553
1506 2108
1506 1802
1536 2294
1536 2156
1536 1917
1544 1882
1547 1805
1551 2084
1553 1779
1556 1954
1559 1987
1559 2340
1561 1624
1563 1766
1565 1773
1565 1787
1567 2072
1567 1733
1567 1896
1569 1730
1575 1987
1588 2155
1619 1790
1621 2451
1623 2426
1637 1702
1638 1974
1653 1849
1656 1840
1656 1843
1656 2283
1656 2137
1661 2155
1666 2035
1666 1702
1682 2320
1682 2321
1682 2319
1684 1974
1697 1714
1698 1987
1705 1913
1705 1987
1709 1858
1710 1987
1710 1740
1710 1739
1712 1732
1712 1766
1712 1731
1713 1726
1715 1728
1718 1732
1720 1766
1721 1766
1722 1762
1722 2477
1724 1725
1726 1741
1726 1746
1726 1735
1726 2598
1732 1756
1735 2598
1736 1777
1737 1764
1740 1751
1740 1767
1741 1805
1743 1759
1743 1750
1745 1766
1751 1767
1751 1766
1753 1755
1756 1766
1758 2452
1768 1784
1777 2079
1777 2046
1778 2144
1779 2328
1785 2046
1785 2097
1792 2046
1802 2452
1811 1813
1811 1870
1811 1821
1811 1822
1813 1987
1813 2035
1821 1874
1830 1903
1831 2046
1841 2072
1843 2282
1843 1980
1843 1981
1843 2406
1845 2277
1847 1868
1849 1910
1853 2046
1860 1987
1871 1987
1876 1987
1877 1987
1898 1904
1903 1904
1913 2103
1913 2104
1961 2492
1980 2179
1980 1981
1980 2406
1981 2406
1988 2005
2002 2003
2002 2004
2010 2026
2025 2157
2025 2179
2027 2046
2027 2097
2051 2486
2073 2183
2076 2092
2100 2426
2101 2102
2110 2111
2114 2451
2132 2134
2132 2183
2134 2183
2136 2283
2153 2386
2156 2294
2163 2164
2208 2242
2229 2395
2229 2396
2241 2400
2252 2253
2267 2268
2267 2322
2271 2376
2282 2406
2288 2289
2400 2435
2402 2435
1530 1909
1550 1902
1550 2287
21 2375
21 1073
21 2270
21 2271
21 2376
37 1782
37 2107
37 1553
37 1147
37 2108
37 1506
37 2095
37 1641
42 1915
42 597
42 645
42 176
61 1528
62 1310
62 2163
62 1417
62 2313
62 1081
68 283
68 2629
68 541
70 605
70 2190
70 1921
70 1014
70 1915
70 1927
70 1352
77 2179
77 2019
77 89
98 662
98 1354
104 140
104 609
104 307
104 1791
104 1776
104 485
113 1624
113 307
113 488
113 2081
116 974
120 1960
120 647
120 1550
120 380
120 1538
120 1902
125 307
125 1623
125 2479
125 1368
127 1624
127 307
127 237
127 2046
127 2080
127 1552
131 2018
131 1983
134 2083
134 1624
134 400
134 1778
134 1785
134 453
134 1671
134 2046
139 1777
139 237
139 307
140 661
140 1781
140 911
140 1624
140 307
140 2046
154 307
154 237
154 460
154 2046
154 1624
163 1175
163 1668
163 324
163 1269
176 956
176 1915
176 2136
176 597
176 2389
176 2218
177 232
177 974
237 2079
237 307
237 2046
237 2080
237 2047
237 1573
237 1073
250 1979
250 622
250 1885
253 974
253 2486
253 1974
253 712
278 1870
278 974
278 554
278 697
283 748
290 1723
290 1359
295 307
295 2048
301 416
301 635
303 1159
303 307
303 720
303 1254
303 351
309 2046
309 1671
309 351
309 1254
319 2046
319 564
319 1702
324 2023
324 2021
324 499
330 1799
330 2599
332 1528
332 2481
351 1641
351 1624
351 2085
351 1779
351 657
351 2086
351 1783
351 2091
351 1776
351 407
351 2090
360 1621
360 390
360 1484
389 1900
389 2498
390 705
390 1078
390 906
390 1484
390 1744
390 2451
393 721
393 1826
393 1620
393 2270
393 1416
416 1645
416 2015
416 2179
416 1678
416 819
416 967
416 1528
416 2183
416 1848
416 738
416 526
416 594
416 1310
416 1909
416 1844
416 1851
416 852
416 1175
418 1073
418 2035
418 2495
418 1872
427 1773
427 1790
427 1778
427 1806
427 488
427 1783
437 1495
437 1333
437 886
437 1978
437 1982
437 1981
437 1979
437 499
437 1132
437 1983
437 879
437 1980
437 817
437 669
437 484
437 1040
447 904
447 1508
452 672
452 936
452 2286
453 1624
453 1259
459 1277
459 1123
459 1556
459 1954
460 1624
460 1682
477 1987
477 1801
477 1141
488 2027
488 1799
488 1773
488 2081
488 1783
488 1774
488 1706
488 656
488 860
491 2106
491 1974
491 1464
491 1310
491 827
491 2100
491 1982
491 1132
491 1880
499 1653
507 1915
507 1014
507 1353
507 1919
515 1883
515 1315
515 1979
517 1883
517 2105
520 2046
520 1999
520 837
520 1347
520 599
520 1987
520 1671
520 1575
525 980
525 553
525 2477
525 1359
525 1170
531 1014
531 1506
531 2095
543 1624
543 1246
555 686
564 2046
564 1702
564 1338
574 1314
574 644
574 2408
579 1880
579 1106
579 1975
597 645
597 993
597 1915
604 1249
604 2046
604 1874
604 796
604 1822
604 717
605 1653
605 1352
605 1915
605 2110
609 1624
609 2081
611 2482
611 2288
611 827
611 2289
622 1979
622 2019
622 1333
631 974
656 2081
657 2091
683 974
683 1225
697 1571
702 736
702 2063
702 740
705 1413
705 1744
705 2451
705 970
705 1484
705 2114
720 1624
720 1811
726 2072
726 1653
726 1138
726 1105
738 1631
738 1270
738 2137
738 2179
738 1975
740 1959
740 1882
740 1238
740 1544
744 1987
744 746
744 1571
744 1240
754 1881
754 1270
779 1915
779 1225
779 1371
779 780
779 1920
780 1920
780 1974
780 1225
780 1593
780 1915
780 1371
808 1957
808 1227
808 1956
816 2019
816 1345
816 2018
816 1175
827 2529
827 2288
831 2101
831 1915
842 2035
843 2017
848 2190
848 2423
852 2019
852 1310
861 1428
861 1528
861 1759
881 974
881 1014
888 1624
888 911
888 1625
891 1270
891 1315
892 2609
892 1675
896 1297
896 1914
896 1188
906 1621
906 1484
906 1283
911 1624
911 2086
922 2135
922 2294
922 1915
956 1483
956 1915
959 1799
959 1073
964 2402
964 2241
964 1786
964 2401
964 1704
964 1158
964 1444
964 1095
964 1418
964 2435
964 1142
964 2400
980 1958
980 1304
980 2208
980 1840
980 1504
996 1913
996 2386
996 1310
1010 2097
1014 1841
1014 1730
1014 1843
1014 1584
1014 1852
1014 1662
1014 1847
1014 1846
1014 1645
1014 1851
1014 1121
1014 1676
1014 2046
1014 1842
1014 1465
1014 1845
1014 1522
1014 1849
1014 1294
1014 1404
1014 1848
1014 1626
1014 1844
1014 1850
1030 2167
1073 1799
1073 1798
1073 1484
1073 1734
1073 1785
1073 1479
1073 1804
1073 1741
1073 1805
1073 1806
1073 1801
1073 1802
1073 1506
1073 1726
1073 1800
1073 1359
1073 1803
1073 1263
1078 2451
1078 1484
1078 2114
1080 1219
1080 1915
1116 1530
1116 2277
1132 2186
1132 1931
1132 2281
1132 1134
1132 1225
1132 1656
1132 2284
1132 2156
1132 2283
1132 1501
1132 1539
1132 1216
1132 1910
1132 2282
1143 2327
1159 1636
1159 2252
1159 2253
1159 2383
1172 1296
1172 1856
1172 2360
1172 1356
1172 1910
1175 1913
1175 2395
1194 1706
1225 2153
1225 2154
1225 1661
1225 1920
1225 1526
1225 2155
1225 1588
1225 1292
1225 1584
1225 1976
1225 1849
1225 2152
1225 1733
1225 1342
1225 1527
1225 2156
1225 2157
1225 1852
1225 1371
1228 1270
1238 1959
1246 2081
1246 1771
1252 1624
1252 1449
1268 1825
1289 1310
1297 1911
1297 1913
1297 1914
1297 1912
1304 2164
1338 2046
1338 1702
1339 1913
1339 2386
1344 1646
1344 2317
1344 1508
1344 2166
1347 1671
1355 2271
1356 1958
1359 1766
1359 1605
1359 1744
1359 1724
1359 1739
1359 1600
1359 1767
1359 1761
1359 1481
1359 1718
1359 1732
1359 1755
1359 1493
1359 1765
1359 1647
1359 1709
1359 2598
1359 1763
1359 1710
1359 1743
1359 1738
1359 1741
1359 1747
1359 1757
1359 1484
1359 1714
1359 1760
1359 1751
1359 1563
1359 1730
1359 1551
1359 1712
1359 1472
1359 1748
1359 1547
1359 1711
1359 1750
1359 1500
1359 1445
1359 1731
1359 1740
1359 1745
1359 1713
1359 1715
1359 1716
1359 1717
1359 1719
1359 1722
1359 1385
1359 1517
1359 1720
1359 1566
1359 1733
1359 1721
1359 1621
1359 1723
1359 1725
1359 1726
1359 1390
1359 1727
1359 1728
1359 1729
1359 1734
1359 1735
1359 1736
1359 1569
1359 1737
1359 1742
1359 1746
1359 1749
1359 1752
1359 1753
1359 1754
1359 1756
1359 1758
1359 1759
1359 1762
1359 1764
1360 1915
1360 2279
1360 2481
1360 1465
1363 1915
1363 1373
1368 1585
1368 1657
1368 2144
1368 1779
1368 2081
1395 2138
1396 2073
1396 2190
1396 2267
1396 2268
1415 2271
1415 1416
1416 2270
1445 2324
1449 2046
1449 2035
1465 1483
1465 1684
1465 1915
1484 1727
1484 2209
1484 1621
1484 2084
1484 1736
1484 2114
1484 1744
1486 1915
1491 2086
1491 2328
1508 2437
1508 1646
1526 1915
1526 1974
1527 1978
1527 2426
1527 1982
1527 1880
1527 2100
1539 1843
1539 2186
1540 1915
1554 1828
1562 1624
1573 1777
1584 1996
1584 2026
1585 1799
1593 2486
1593 2072
1593 1915
1617 2051
1617 1850
1624 1779
1624 1777
1624 1775
1624 1773
1624 1785
1624 1768
1624 1782
1624 1778
1624 1784
1624 1783
1624 1781
1624 1771
1624 1780
1624 1776
1624 1774
1624 1770
1624 1769
1624 1772
1625 1788
1625 1779
1625 1787
1625 1781
1625 1778
1625 1786
1625 1789
1625 1780
1625 1706
1626 1730
1631 2228
1652 2046
1657 1799
1659 2019
1675 2609
1675 1915
1676 1915
1676 1677
1677 1976
1677 1915
1678 1909
1683 2322
1683 2320
1683 2190
1683 2292
1683 2321
1691 2113
1702 1876
1702 1875
1702 1861
1702 1865
1702 1874
1702 1870
1702 1872
1702 1800
1702 1859
1702 1860
1702 1862
1702 1863
1702 1864
1702 1855
1702 1821
1702 1858
1702 1856
1702 1873
1702 1878
1702 1854
1702 1871
1702 1869
1702 1868
1702 1867
1702 1853
1702 1877
1702 1866
1702 1847
1702 1857
1706 2082
1706 2323
1714 1899
1742 2594
1744 2451
1744 2114
1771 2081
1772 1779
1773 2046
1773 1783
1774 1781
1774 1790
1780 2319
1782 2108
1782 1999
1783 2327
1783 1799
1788 1811
1788 2046
1788 2144
1793 2486
1798 2089
1803 2080
1805 2452
1825 1827
1825 1826
1827 1828
1827 1830
1840 2425
1840 2454
1850 1915
1852 2486
1857 2046
1857 2097
1870 2310
1874 1987
1879 2257
1882 1959
1886 2645
1900 1903
1900 2511
1900 2492
1901 2609
1904 2270
1904 2593
1904 1961
1906 1915
1916 2650
1921 1927
1921 2311
1921 2654
1921 2423
1927 2052
1927 2053
1927 2190
1956 1957
1956 2236
1974 1976
1974 1975
1974 1977
1976 2110
1976 2111
1987 1988
1987 1997
1987 1996
1987 2010
1987 2006
1987 1989
1987 1990
1987 1991
1987 1993
1987 1994
1987 1998
1987 1999
1987 2000
1987 2005
1987 1992
1987 2009
1987 2002
1987 2004
1987 2003
1987 2001
1987 2008
1987 2007
1987 1995
1999 2327
2011 2017
2016 2072
2017 2072
2018 2468
2019 2020
2026 2029
2026 2028
2026 2027
2031 2113
2046 2048
2046 2049
2046 2047
2047 2049
2086 2090
2087 2095
2096 2146
2096 2330
2096 2505
2103 2386
2104 2386
2113 2437
2154 2156
2228 2229
2242 2243
2270 2271
2285 2286
2286 2287
2395 2397
2395 2398
2395 2396
2458 2650
2458 2459
2631 2700
256 2113
256 1267
256 1344
380 1960
380 1023
380 905
380 1899
1902 2285
1902 2287
1902 1955
736 2063
736 1882
736 740
736 1544
736 1238
736 2062
736 1959
736 2061
51 1442
71 442
71 2185
89 852
89 1883
89 2179
89 697
89 1659
89 1289
89 1733
89 1395
89 2014
89 2013
89 163
89 1495
89 1310
89 1714
89 1678
89 2011
89 131
89 2018
89 1909
89 301
89 816
89 2017
89 2395
89 1528
89 1848
89 738
89 416
89 1742
89 1175
89 842
89 2015
89 744
89 2012
89 499
89 2016
103 2257
103 1872
103 1252
103 1562
103 1449
103 110
103 1624
103 1879
110 1046
110 1786
110 1773
110 1625
110 1662
110 2094
110 319
110 2095
110 134
110 2093
110 1770
110 290
110 125
110 1790
110 2046
110 307
110 1780
110 520
110 1999
110 1806
110 427
110 2096
110 564
110 1788
110 611
110 1347
110 237
110 1338
110 154
110 460
110 177
114 748
114 541
114 1885
119 1508
119 582
119 555
119 843
119 1030
119 2031
119 2167
119 1539
119 1852
119 455
119 2011
119 447
119 2113
119 389
119 256
119 1344
119 1691
119 1617
119 2166
130 442
130 702
194 442
194 459
204 858
204 1116
204 964
204 855
204 1870
242 1442
266 1442
307 1194
307 720
307 1652
307 1573
307 2047
307 309
307 1772
307 2088
307 1585
307 959
307 1798
307 1552
307 2085
307 1771
307 2087
307 574
307 543
307 1491
307 609
307 1010
307 1484
307 1800
307 2046
307 1857
307 974
307 2079
307 657
307 1368
307 1073
307 520
307 555
307 656
307 582
307 1657
307 1788
307 1159
307 1252
307 1805
307 1776
307 2092
307 1803
307 477
307 1706
307 418
307 1780
307 911
307 2091
307 2049
307 427
307 2086
307 1783
307 1782
307 1806
307 1347
307 2090
307 488
307 330
307 2081
307 888
307 1046
307 351
307 1773
307 2089
307 453
307 1799
307 1246
307 1641
345 662
345 442
345 855
345 390
345 2324
372 1355
372 1416
372 2376
372 1442
372 1554
372 721
372 1415
441 1297
441 442
441 2180
441 1914
441 896
441 726
471 858
471 1116
471 855
471 1098
471 653
541 1442
541 748
541 2528
582 1617
582 1624
582 1793
591 1955
591 1442
646 1900
646 1268
646 1359
646 951
646 1825
646 1902
646 892
646 1827
646 1896
646 1496
646 1901
646 1899
649 1442
662 1879
662 1029
662 808
662 1046
662 1354
662 1881
662 1883
662 1882
662 1884
662 1886
662 1880
662 936
662 1885
662 831
672 2026
672 974
721 1442
748 1539
751 1442
858 1098
858 1247
936 1874
936 974
974 1143
974 1073
974 2020
974 2017
974 1584
974 2154
1046 1572
1046 1774
1061 1442
1098 1116
1098 1870
1129 1442
1129 2276
1129 1955
1270 2228
1270 1631
1270 1881
1270 1315
1310 2179
1310 1742
1310 1678
1310 2103
1310 1883
1310 2104
1310 1339
1310 2016
1310 1626
1371 1526
1371 2275
1371 1920
1371 1976
1371 2486
1456 1538
1528 2275
1528 1669
1528 2451
1620 2270
1662 1852
1885 1959
1885 1886
1915 1918
1915 1921
1915 1920
1915 1916
1915 1917
1915 2389
1915 1919
1918 2458
1955 1957
1955 1958
1955 1959
1955 1956
1955 2276
1958 2242
1958 2631
2023 2191
2095 2107
442 1456
442 2095
442 455
442 672
442 2185
442 1538
455 2190
455 1442
455 1918
455 2189
455 1662
455 2191
455 582
455 2023
455 974
855 858
855 936
855 1885
855 1098
1442 2273
1442 1620
1442 1708
1442 1958
1442 1959
1442 2274
1442 1701
1442 1955
1442 2276
1442 2275
1442 2272
