k : 2
Overall running time: 6.983s.
diameter : 9



ans.V.size: 
1274 2 5 9 11 12 14 15 17 19 25 26 28 36 47 50 55 59 61 62 65 66 70 75 78 87 92 95 106 111 115 116 119 121 122 136 137 142 144 147 158 162 170 176 179 181 182 186 189 192 198 200 204 205 207 208 211 212 217 219 221 224 225 227 231 235 236 240 243 253 256 264 268 269 271 273 275 280 281 282 286 291 298 299 302 304 305 310 313 315 316 317 318 320 323 324 325 326 328 329 331 332 333 335 344 345 346 352 355 357 360 373 377 378 383 384 385 387 388 390 397 400 402 404 407 410 417 421 425 430 437 438 439 440 441 442 446 450 452 454 455 457 465 466 468 472 481 482 485 491 504 505 507 512 515 517 526 527 531 533 534 535 540 545 548 550 552 554 557 558 559 563 565 566 568 569 570 571 572 575 577 587 590 594 599 601 604 607 616 618 629 630 631 634 635 644 645 650 651 652 658 660 661 662 665 683 686 692 694 695 696 698 700 705 715 716 717 725 729 730 733 734 735 737 742 743 747 750 753 761 768 769 770 772 779 780 785 788 789 791 792 796 801 809 815 817 818 819 826 827 828 835 836 839 843 844 849 850 853 855 860 861 862 867 868 870 872 875 879 880 881 884 886 892 896 898 906 909 916 921 934 937 943 951 961 962 963 964 967 970 978 980 981 994 999 1003 1005 1008 1012 1015 1016 1027 1028 1032 1034 1036 1040 1053 1054 1056 1063 1066 1067 1068 1074 1076 1078 1081 1086 1090 1093 1098 1101 1108 1115 1119 1120 1131 1134 1137 1141 1144 1145 1147 1149 1151 1153 1156 1157 1165 1168 1179 1181 1186 1192 1197 1198 1200 1204 1205 1213 1215 1219 1220 1223 1240 1242 1245 1249 1250 1254 1255 1257 1259 1266 1268 1269 1270 1271 1276 1279 1283 1284 1290 1292 1294 1296 1300 1305 1307 1308 1309 1312 1314 1316 1317 1318 1320 1324 1326 1332 1335 1336 1342 1345 1348 1349 1352 1356 1371 1375 1386 1397 1400 1404 1411 1413 1417 1421 1422 1427 1428 1431 1433 1436 1441 1446 1447 1453 1455 1460 1465 1466 1467 1469 1471 1475 1487 1488 1489 1496 1498 1501 1503 1507 1508 1510 1513 1521 1522 1523 1526 1527 1530 1536 1539 1543 1553 1558 1561 1562 1565 1567 1568 1571 1572 1577 1581 1582 1587 1588 1590 1602 1603 1604 1607 1610 1611 1613 1615 1616 1617 1618 1619 1623 1626 1628 1629 1630 1631 1633 1636 1637 1639 1642 1645 1646 1653 1655 1661 1663 1668 1669 1671 1676 1679 1682 1683 1686 1688 1690 1695 1697 1700 1768 1769 1774 1775 1778 1779 1781 1784 1787 1789 1791 1793 1807 1808 1809 1810 1812 1814 1815 1816 1817 1818 1820 1821 1822 1823 1824 1825 1827 1830 1831 1834 1839 1841 1842 1844 1845 1846 1849 1850 1851 1852 1853 1854 1855 1856 1858 1859 1861 1862 1863 1864 1865 1866 1867 1868 1869 1873 1875 1878 1879 1880 1887 1888 1889 1890 1892 1894 1896 1899 1900 1901 1902 1903 1908 1911 1912 1913 1914 1920 1929 1930 1952 1953 1969 1975 1976 1980 1981 1983 1984 1986 2019 2020 2024 2025 2026 2027 2033 2034 2036 2037 2038 2039 2040 2041 2043 2045 2048 2055 2060 2064 2065 2072 2075 2076 2078 2080 2082 2083 2084 2097 2100 2107 2108 2114 2116 2117 2122 2124 2131 2136 2137 2138 2141 2144 2146 2152 2153 2154 2155 2157 2163 2165 2166 2168 2169 2170 2176 2177 2182 2183 2184 2186 2190 2195 2198 2200 2201 2202 2204 2206 2207 2209 2213 2216 2217 2218 2221 2222 2229 2231 2234 2237 2239 2252 2253 2254 2257 2258 2262 2269 2270 2271 2275 2281 2282 2284 2288 2289 2293 2294 2295 2296 2302 2304 2306 2307 2308 2309 2310 2314 2315 2317 2318 2319 2323 2324 2325 2326 2327 2328 2330 2335 2336 2339 2340 2341 2344 2349 2358 2366 2367 2373 2375 2376 2379 2380 2381 2382 2383 2385 2386 2389 2390 2391 2392 2393 2396 2397 2398 2403 2406 2408 2413 2414 2416 2419 2422 2425 2426 2431 2440 2441 2442 2443 2444 2445 2446 2447 2448 2449 2451 2452 2454 2461 2467 2468 2472 2477 2478 2479 2482 2493 2496 2501 2502 2504 2505 2510 2515 2516 2526 2533 2547 2551 2554 2556 2557 2559 2561 2569 2583 2585 2594 2596 2597 2599 2600 2611 2613 2614 2615 2617 2628 2643 2644 2652 2653 2668 2669 2686 2692 56 1274 2023 2360 3 21 31 35 37 46 49 54 60 69 72 73 77 91 96 102 103 104 112 113 125 127 131 134 139 140 150 152 154 155 156 157 159 161 165 171 174 175 177 180 190 202 206 216 229 230 232 233 237 245 247 262 278 290 295 301 303 306 309 319 327 330 334 336 338 342 343 347 351 358 365 367 392 406 416 427 453 460 461 467 477 483 488 490 494 502 506 511 520 525 537 543 553 555 564 567 573 574 581 582 609 610 611 614 617 627 646 656 657 672 674 682 685 687 688 690 697 709 719 720 723 738 739 744 745 746 749 755 758 759 765 771 774 793 797 798 816 820 824 832 834 842 852 854 874 877 883 888 900 903 911 920 930 936 946 952 958 959 969 971 974 979 986 996 1000 1010 1013 1014 1024 1039 1041 1042 1046 1050 1071 1096 1104 1111 1121 1122 1124 1128 1132 1143 1146 1150 1155 1159 1167 1170 1172 1175 1194 1206 1210 1216 1225 1230 1239 1244 1246 1252 1263 1282 1285 1288 1289 1293 1297 1302 1304 1306 1310 1337 1338 1339 1340 1344 1347 1368 1383 1385 1390 1395 1406 1435 1445 1449 1454 1472 1479 1480 1481 1484 1491 1493 1495 1500 1506 1509 1517 1528 1547 1551 1552 1559 1563 1566 1569 1573 1575 1584 1585 1600 1605 1621 1624 1625 1641 1647 1652 1656 1657 1659 1662 1666 1667 1678 1702 1705 1706 1709 1710 1711 1712 1713 1714 1715 1716 1717 1718 1719 1720 1721 1722 1723 1724 1725 1726 1727 1728 1729 1730 1731 1732 1733 1734 1735 1736 1737 1738 1739 1740 1741 1742 1743 1744 1745 1746 1747 1748 1749 1750 1751 1752 1753 1754 1755 1756 1757 1758 1759 1760 1761 1762 1763 1764 1765 1766 1767 1770 1771 1772 1773 1776 1777 1780 1782 1783 1785 1786 1788 1790 1792 1798 1799 1800 1801 1802 1803 1804 1805 1806 1811 1813 1819 1840 1843 1847 1848 1857 1860 1870 1871 1872 1874 1876 1877 1883 1909 1910 1922 1924 1925 1928 1931 1988 1989 1990 1991 1992 1993 1994 1995 1996 1997 1998 1999 2000 2001 2002 2003 2004 2005 2006 2007 2008 2009 2010 2011 2012 2013 2014 2015 2016 2017 2018 2022 2035 2042 2046 2047 2049 2079 2081 2085 2086 2087 2088 2089 2090 2091 2092 2093 2094 2095 2096 2103 2104 2118 2119 2156 2164 2179 2283 2292 2395 2404 2495 2598 74 163 499 1190 1698 89 110 307 418 837 1073 1359 1895 1987 
2 3
5 2177
5 1762
5 2176
5 1257
9 282
9 1997
11 477
12 1656
12 1840
14 1811
14 1702
15 2076
15 2035
15 159
15 2669
15 2078
17 1633
17 2445
17 2643
17 971
19 2146
19 2083
19 1787
19 140
19 1561
25 1702
25 599
25 202
25 1637
26 2012
26 1302
26 1345
26 2318
28 607
28 1811
36 1914
36 896
36 1297
47 1605
47 2367
50 2035
50 1667
55 768
55 402
59 1716
61 1528
62 1310
62 2163
62 1081
62 1417
65 1738
65 2617
65 1210
66 2419
66 2022
66 1294
66 240
66 772
66 1157
66 1629
70 1352
70 2190
70 1014
75 1417
75 545
75 587
75 1119
75 2156
78 1804
78 660
87 1337
87 2296
87 430
87 2035
92 331
92 2002
92 2124
92 2381
95 2358
95 734
95 587
106 1722
106 2477
106 2652
111 568
111 1263
111 1600
115 2289
115 611
116 974
119 1508
119 582
119 555
119 2166
119 1344
119 256
119 1539
119 1852
119 843
119 1617
119 455
119 2011
121 817
121 2406
121 1843
121 515
122 590
122 981
122 2252
122 1159
122 2253
122 1911
136 2096
137 832
142 1003
142 2035
144 1702
144 317
144 599
147 898
147 2060
147 1908
147 1469
147 1928
158 599
158 1702
158 1871
162 2011
162 843
170 1995
176 2389
176 2136
176 2218
179 834
181 2005
181 1808
181 791
181 2038
181 792
182 1465
182 1014
186 2004
186 298
189 1170
189 1728
192 383
192 1678
192 1999
192 2386
192 609
192 1792
198 232
198 2413
200 1870
200 421
204 964
204 855
204 1870
205 416
207 2692
208 834
211 1615
211 2310
211 1908
212 357
212 1395
212 1910
212 1909
217 1702
217 1543
219 1383
219 1349
219 793
219 483
219 2092
219 734
221 377
221 818
224 1155
224 1762
224 745
225 2035
225 1811
227 1702
231 1811
231 1096
231 550
235 611
236 1702
240 2183
240 2022
240 1910
240 888
240 911
240 1760
240 2419
243 280
243 1132
243 839
243 2281
253 974
256 1344
264 365
264 1104
264 733
268 2001
269 1741
269 2452
271 2281
271 839
271 280
271 1216
273 2013
275 749
275 750
280 2166
280 2281
280 839
280 305
281 2156
281 1536
282 747
282 1348
282 1383
286 2000
291 688
291 1766
291 329
291 2360
291 568
298 900
298 599
298 1543
299 1326
299 1096
302 1170
302 2493
304 720
304 2144
304 1671
305 1858
310 2306
310 2269
310 384
313 1741
313 1611
313 1723
315 2001
315 1624
316 1603
316 1922
317 599
317 1869
317 2005
317 1074
317 921
317 1822
318 1625
318 1786
320 1206
324 499
324 2023
325 2195
325 828
325 2157
326 788
326 1849
328 1326
328 1997
328 2065
328 2064
329 952
331 2124
331 1506
332 1528
333 2004
335 1014
335 694
344 1702
345 662
345 442
345 855
345 390
345 2324
346 834
352 1811
355 660
355 2454
355 1804
357 499
357 2117
357 2019
360 1621
360 390
360 1484
373 627
373 1711
377 1584
378 2292
378 1266
378 734
383 1204
383 2035
384 734
384 1705
384 2269
385 1624
385 1625
387 2118
387 2116
388 520
390 705
390 1744
390 2451
390 1078
390 1484
390 906
397 1989
400 1770
400 545
400 1090
400 2108
402 1066
402 734
404 465
404 2504
404 1743
407 506
410 2085
410 1682
410 1625
417 520
417 1702
421 1870
425 437
425 1204
430 2045
430 1890
430 2002
430 1619
430 1808
430 2042
437 1495
437 886
437 817
437 1040
437 1980
437 1983
437 499
437 1132
437 879
437 1981
438 1986
438 1496
438 719
438 951
438 499
439 788
439 1984
439 1668
439 719
439 1986
440 1170
441 442
441 1297
441 896
441 1914
442 2095
442 455
442 672
446 1435
452 936
452 672
454 1807
454 2307
454 2306
455 2190
455 582
455 2023
455 974
455 1662
457 2200
457 2055
457 526
457 1581
457 545
465 2445
465 1759
465 2446
466 1870
466 1404
468 1702
468 1709
472 2395
472 1014
472 2014
481 599
481 2360
481 688
481 1711
481 1427
481 2373
482 1288
482 2292
482 824
482 1811
485 1700
485 543
485 2047
485 1776
485 2082
485 1368
491 1880
491 1132
491 2100
491 1310
491 827
504 2002
504 577
505 2395
505 2397
507 1014
512 1811
512 550
515 1883
517 1883
526 2183
526 2182
526 1629
526 2055
526 2184
527 566
527 1008
527 1743
531 2095
531 1506
531 1014
533 1702
533 1864
534 1743
534 2467
535 630
535 934
535 610
540 1617
540 2156
545 1770
545 1581
545 2200
548 599
548 1702
550 1498
550 1811
552 2389
554 2010
554 1996
554 1584
554 746
554 1128
557 1624
557 1806
558 1726
559 1190
559 877
563 1736
563 1484
563 705
563 2451
565 1263
565 2477
566 1039
566 1611
566 1724
566 688
568 1263
568 761
569 1811
570 1760
571 2431
572 697
572 1571
575 2002
575 577
577 1811
577 2349
587 1225
587 2156
587 1219
590 1159
590 1625
590 981
594 1475
599 1871
599 1865
599 1824
599 870
599 1637
599 1822
599 1108
599 1101
599 1876
599 1302
599 969
599 1300
601 2395
604 1249
604 717
604 1822
604 2046
604 796
604 1874
607 2231
607 1667
616 2444
618 2035
629 1726
629 2547
629 1170
629 1765
630 884
631 974
634 1702
634 1867
644 1168
644 1539
644 2408
645 729
645 1259
650 1172
651 1686
651 1558
651 2084
651 1487
651 1757
651 820
652 1668
652 2025
652 886
652 2157
652 2024
658 1255
658 1730
658 2443
658 868
658 872
658 2441
658 1230
658 1741
660 1804
661 1624
662 1879
662 1046
662 1883
662 1880
662 936
665 1702
683 974
683 1225
692 2131
692 2035
694 1852
695 1479
696 1682
696 1683
696 1337
696 1999
696 1791
696 1013
698 1081
700 2046
700 2328
700 1702
705 970
705 1744
705 2451
705 2114
705 1484
705 1413
715 1386
716 2292
717 1811
717 1822
725 2396
725 2395
725 1345
729 2389
729 1297
729 1071
729 2554
730 1702
733 1757
733 2686
734 1818
734 1819
734 1683
734 2304
734 1063
734 2269
734 2009
734 2012
734 2036
734 2292
734 2302
734 1266
735 1842
735 737
735 2198
737 1842
737 2198
742 1283
742 832
742 1012
742 2094
743 1621
743 1744
743 1484
747 2007
747 1304
750 2156
753 2084
753 2452
753 958
761 1427
761 986
761 2461
768 1702
768 2315
768 874
769 1725
769 1567
769 1724
770 1928
772 1157
772 1081
779 1225
779 1371
779 1920
779 780
780 1371
780 1920
780 1225
785 1702
785 961
789 1953
789 2042
789 2034
789 1032
789 2206
791 1811
792 2035
792 2131
796 1646
796 1811
809 1786
815 1159
815 2383
817 2406
817 1981
817 2283
817 1843
818 1737
818 1764
819 2000
826 1766
827 2288
828 2000
828 1040
828 1922
835 2169
835 877
836 1122
836 1811
836 1655
839 1132
839 2281
843 2017
844 2340
849 986
850 1994
853 1801
855 1098
855 936
860 2097
860 1200
861 1428
861 1759
861 1528
867 1050
868 2441
868 1230
868 2440
868 872
868 2443
870 1702
870 1865
870 1441
872 1230
872 2653
875 1702
879 886
879 2327
880 1559
881 974
881 1014
884 934
886 1040
886 2025
896 1297
896 1914
898 1153
898 1495
898 1908
898 1411
898 2296
898 1157
898 1984
906 1621
906 1484
906 1283
909 1014
916 1741
916 1036
916 2416
916 2598
921 1894
934 1039
937 1068
937 2516
943 1953
943 1925
961 1777
962 2556
962 2600
962 1729
963 1809
963 1808
963 1810
963 1666
963 1807
963 1811
963 1063
964 1786
970 1736
970 1484
970 1744
970 2451
978 1282
980 1840
980 1304
981 1368
981 1624
994 2156
999 1104
999 2366
999 1285
1003 2035
1003 2034
1003 1953
1005 1811
1008 1743
1008 1155
1008 2467
1015 1559
1016 1619
1016 1144
1016 1790
1016 1386
1016 1789
1016 1453
1027 2035
1027 1304
1028 2395
1032 1953
1034 2169
1036 1802
1036 1487
1036 1834
1036 1741
1053 1702
1054 1406
1063 1811
1066 1700
1067 1575
1068 2308
1068 2449
1068 1831
1074 2164
1076 1702
1078 2451
1078 1484
1078 2114
1081 2163
1086 1422
1086 2395
1090 1553
1090 2087
1093 2502
1093 1172
1098 1870
1101 1702
1108 1811
1108 2380
1115 1718
1115 2561
1119 2156
1119 1417
1120 1698
1120 1274
1131 2496
1134 1539
1134 2186
1134 1501
1137 2360
1137 1190
1144 2156
1144 1619
1145 1624
1145 1246
1147 1506
1147 1507
1149 1318
1149 2221
1149 2222
1149 1748
1151 1244
1153 1928
1153 2156
1156 1230
1165 1288
1179 1909
1179 1530
1181 1305
1186 1993
1192 2340
1192 1559
1197 1368
1197 1625
1198 1999
1198 1792
1200 1717
1200 1215
1200 1600
1200 1567
1204 1843
1204 1411
1204 2156
1204 1216
1205 1603
1205 1840
1205 1839
1213 1702
1215 1717
1215 1500
1215 1746
1219 2117
1219 1928
1223 1225
1242 1702
1249 1652
1249 2046
1250 2557
1250 2559
1250 1484
1255 1309
1257 2177
1257 2176
1257 1762
1266 2292
1268 1825
1269 1930
1269 2310
1270 1631
1271 2035
1271 1623
1276 1469
1279 2269
1279 2307
1279 2306
1283 1736
1283 1484
1283 2325
1283 1284
1283 1777
1284 2325
1284 1777
1290 1623
1290 1706
1292 1661
1292 2155
1294 2419
1296 1988
1300 1811
1300 1702
1307 1318
1308 1445
1309 1628
1312 1314
1312 2081
1314 2408
1318 1720
1318 1721
1318 2221
1318 2222
1318 1740
1320 2035
1324 1702
1326 2064
1332 1811
1332 1577
1335 1543
1335 1702
1336 2091
1336 2088
1336 1857
1342 2426
1345 1929
1348 1998
1349 2164
1349 1811
1352 2283
1352 1536
1371 1526
1371 1976
1371 2275
1371 1920
1386 2336
1397 1400
1397 2395
1397 1422
1397 2229
1397 2396
1400 2395
1400 2310
1404 2318
1411 1656
1413 1736
1413 1484
1413 1744
1413 2451
1417 1925
1417 1924
1417 1922
1417 1469
1417 1603
1421 2397
1421 1422
1421 2395
1422 1976
1422 2395
1427 1752
1428 1743
1428 2447
1428 1726
1431 1719
1436 1928
1436 2072
1436 2060
1441 1702
1446 1447
1460 2081
1466 1489
1466 1800
1471 1825
1471 2554
1475 2262
1475 1909
1475 2336
1487 1746
1488 2138
1488 1850
1488 2018
1498 2035
1501 1539
1501 2186
1503 2164
1508 1646
1513 2146
1513 2024
1521 1751
1521 1766
1523 1698
1527 2100
1527 2426
1527 1880
1530 1909
1536 2294
1536 2156
1539 1843
1539 2186
1553 1779
1558 2169
1558 2084
1561 1624
1562 1624
1565 1773
1565 1787
1567 1896
1567 1733
1567 2072
1568 1875
1568 1655
1568 2501
1577 1811
1581 2201
1581 2200
1582 1811
1582 1820
1587 2169
1588 2155
1590 2597
1590 1746
1602 1751
1603 2075
1603 2055
1610 1791
1610 1792
1610 1913
1611 2557
1611 2559
1615 2035
1616 1666
1617 1850
1619 1790
1623 2426
1626 1730
1628 1741
1629 1636
1629 2055
1629 2022
1630 1712
1633 1757
1637 1702
1642 2496
1653 1849
1655 1953
1655 2035
1661 2155
1663 2382
1663 1667
1679 1747
1682 2319
1683 2190
1683 2292
1686 2084
1688 1722
1697 1714
1768 1784
1769 2326
1774 1781
1774 1790
1778 2144
1779 2328
1807 1810
1808 2035
1809 1811
1810 1811
1812 1823
1821 1874
1825 1827
1827 1830
1830 1903
1831 2046
1839 2183
1841 2072
1849 1910
1853 2046
1863 2583
1868 2118
1875 2501
1875 2502
1879 2257
1888 1889
1890 1892
1890 2035
1890 2131
1890 2040
1890 1894
1892 2035
1892 2131
1900 1903
1912 2554
1913 2103
1913 2104
1929 2318
1930 2035
1952 1953
1952 2207
1953 2206
1953 2207
1969 2035
1980 2179
1980 1981
1980 2406
1981 2406
1984 2035
2019 2020
2024 2218
2025 2179
2025 2157
2026 2027
2027 2046
2027 2097
2040 2043
2075 2182
2076 2092
2076 2078
2076 2669
2076 2668
2084 2169
2100 2426
2114 2451
2116 2118
2124 2381
2136 2283
2153 2386
2154 2156
2163 2164
2165 2283
2165 2218
2169 2170
2176 2177
2182 2198
2183 2234
2200 2201
2200 2202
2213 2217
2216 2217
2221 2526
2221 2222
2229 2396
2229 2395
2234 2292
2252 2253
2269 2292
2270 2271
2271 2376
2282 2406
2288 2289
2306 2307
2339 2556
2340 2341
2390 2452
2391 2452
2391 2392
2392 2452
2393 2452
2403 2404
2414 2416
2416 2598
2440 2653
2443 2615
2445 2504
2446 2504
2447 2449
2447 2448
2477 2652
2515 2516
2556 2600
2668 2669
56 788
56 652
56 1984
56 816
56 2022
56 61
56 1157
56 324
56 772
56 211
1274 2035
2360 2373
3 1987
3 1455
3 1667
3 333
21 2375
21 1073
21 2270
21 2271
21 2376
31 1417
31 1359
31 2163
31 698
31 739
31 2344
35 1359
37 2107
37 1641
37 1553
37 1147
37 2108
37 1506
37 1782
37 2095
46 734
46 1987
46 2304
46 2668
46 2669
46 1220
49 1032
49 2206
49 2472
49 599
49 1663
49 2207
49 2042
49 715
49 1667
54 1104
54 1740
54 1359
60 1288
60 1628
60 616
60 106
60 581
60 1068
60 1726
60 2652
60 1359
60 610
69 1359
69 392
69 1987
72 1987
72 207
72 2692
73 1359
73 1104
77 2019
77 2179
77 89
91 818
91 1359
91 157
91 156
96 2075
96 735
96 1304
96 335
96 862
96 2201
96 1603
96 2198
96 694
96 2184
96 1629
96 1581
96 457
96 2055
96 2202
96 1536
96 2182
96 737
96 1839
96 2183
96 2200
102 282
102 1590
102 1359
103 2257
103 1252
103 1562
103 1449
103 1879
103 1624
103 110
103 1872
104 140
104 609
104 307
104 1791
104 1776
104 485
112 1170
112 1359
112 2493
112 2644
112 1763
112 759
113 1624
113 307
113 2081
113 488
125 307
125 1623
125 2479
125 1368
127 1624
127 307
127 237
127 2046
127 2080
127 1552
131 2018
131 1983
134 2046
134 1785
134 1671
134 453
134 1778
134 1624
134 400
134 2083
139 1777
139 237
139 307
140 661
140 1781
140 307
140 911
140 1624
140 2046
150 1656
150 1417
150 1081
150 2026
152 2237
152 2336
152 1987
152 2239
154 1624
154 307
154 237
154 2046
154 460
155 1239
155 1340
155 1445
155 1569
155 1359
155 2526
155 1753
155 1754
155 365
155 820
155 1755
155 327
156 1690
156 1764
156 157
156 1359
156 1737
156 818
157 1764
157 1359
157 1690
157 818
159 1702
159 181
159 2035
161 2010
161 744
161 554
161 2001
161 1987
161 746
161 278
165 211
165 212
171 1359
171 1068
174 688
174 1359
174 1587
174 1034
175 1743
175 630
175 2335
175 1359
177 232
177 974
180 232
180 198
180 1987
190 1263
190 1073
190 565
190 1510
202 2431
202 298
202 599
202 571
202 1987
202 1702
206 1870
206 1702
216 1702
216 2046
216 1987
229 1872
229 1359
229 323
229 849
229 1722
230 1054
230 1406
230 1895
230 2119
232 1702
232 2218
232 552
232 388
232 1869
232 233
233 1702
233 1987
233 1865
233 870
237 2046
237 2080
237 1073
237 2047
237 2079
237 1573
237 307
245 1073
245 566
245 1359
245 1611
247 1688
247 1359
247 2516
247 937
262 874
262 1895
262 1480
262 1702
278 974
278 1870
278 554
278 697
290 1723
290 1359
295 307
295 2048
301 416
301 635
303 1159
303 307
303 720
303 1254
303 351
306 1928
306 1417
309 2046
309 1671
309 1254
309 351
319 1702
319 564
319 2046
327 1755
327 1359
330 1799
330 2599
334 1359
334 1695
336 1987
336 1702
338 1215
338 1359
338 1500
338 1777
342 2046
342 1359
342 614
342 1390
342 1547
343 1073
343 1513
347 1359
347 1000
351 1783
351 2085
351 1779
351 657
351 2086
351 2091
351 1776
351 407
351 2090
351 1624
351 1641
358 1359
358 1155
358 658
358 2653
365 2643
365 1633
365 971
365 733
365 1307
365 820
365 1359
365 1757
365 1607
367 746
367 1987
367 554
367 1584
392 1987
392 494
392 2366
406 739
406 1928
406 2060
406 1276
416 819
416 967
416 738
416 1848
416 1175
416 852
416 1851
416 1528
416 2179
416 2183
416 526
416 594
416 1678
416 1645
416 2015
416 1909
416 1310
416 1844
427 1773
427 1790
427 1783
427 488
427 1778
427 1806
453 1624
453 1259
460 1682
460 1624
461 1990
461 2533
461 1987
467 2547
467 1359
467 971
467 1306
467 1739
477 1987
477 1801
477 1141
483 2231
483 1811
483 791
483 1813
483 2309
483 1808
483 1815
483 2308
488 656
488 860
488 1783
488 1799
488 2027
488 1774
488 1706
488 2081
488 1773
490 2391
490 2392
490 1359
494 1760
494 1245
502 1359
502 1766
506 1259
506 1305
506 574
506 1181
506 1449
506 1561
506 2084
506 1780
506 1252
506 844
511 1132
511 1014
511 1172
520 2046
520 1987
520 1999
520 599
520 837
520 1347
520 1671
520 1575
525 980
525 553
525 2477
525 1359
525 1170
537 1895
537 568
543 1624
543 1246
553 2202
553 1359
553 1170
555 686
564 1702
564 1338
564 2046
567 1987
567 1908
573 2419
573 1417
573 2026
574 1314
574 644
574 2408
581 1743
581 1359
581 1759
581 1766
581 2446
581 2445
581 745
582 1624
582 1617
582 1793
609 2081
609 1624
610 1042
610 2449
610 2447
610 1359
610 884
610 2448
611 2482
611 2288
611 2289
611 827
614 1359
617 2366
617 1359
617 2504
617 1740
627 2557
627 2559
627 1359
646 1900
646 1899
646 951
646 1359
646 1825
646 1496
646 1902
646 1827
646 892
646 1896
646 1901
646 1268
656 2081
657 2091
672 974
672 2026
674 1987
674 1908
682 1172
682 1987
682 1447
682 1446
685 1359
685 1283
687 1359
687 2367
688 1722
688 2360
688 1034
688 1359
688 1172
688 1547
688 2373
688 1726
688 1611
688 1587
688 1711
690 1318
690 1359
690 1170
690 1293
690 1722
697 1571
709 2213
709 1359
709 837
709 2217
719 1417
719 2262
719 2060
720 1624
720 1811
723 1875
723 1274
723 1568
723 2502
723 2501
738 1631
738 1270
738 2137
738 2179
738 1975
739 1081
739 1928
739 2163
744 1987
744 746
744 1571
744 1240
745 1359
745 1155
746 1996
746 1128
746 2010
746 1987
749 1104
749 1359
749 1733
749 1618
749 1375
749 1146
749 1569
749 1170
749 2554
749 1551
755 1484
755 2451
755 1359
758 2422
758 1285
758 1359
759 1763
759 1359
759 2493
765 797
765 1359
765 1607
765 1613
771 1895
771 2118
774 1073
774 1506
793 1987
793 2556
793 1559
793 1489
797 1318
797 1104
797 1359
798 2360
798 1359
798 1834
798 801
816 2019
816 1345
816 2018
816 1175
820 1359
820 1607
824 1359
824 1170
824 2222
824 1766
832 1012
832 1734
832 1359
832 1639
832 2094
834 2596
834 1679
834 1131
834 1642
834 2037
834 2496
842 2035
852 2019
852 1310
854 1763
854 1170
854 1359
874 1480
874 1359
874 1709
874 2314
877 1359
877 2169
877 2585
883 1359
888 1624
888 911
888 1625
900 1859
900 1056
900 1987
903 1285
903 1605
903 1359
911 2086
911 1624
920 1359
930 1359
930 2628
936 1874
936 974
946 1513
946 1912
946 2389
946 1073
952 1359
958 1686
958 2168
958 2084
958 1558
958 1758
958 1155
958 1359
959 1799
959 1073
969 1604
969 1987
971 1359
971 2366
974 2154
974 2020
974 1143
974 2017
974 1073
974 1584
979 1359
979 999
986 1150
986 1359
986 1074
996 1913
996 2386
996 1310
1000 1359
1010 2097
1013 1683
1013 1337
1013 1798
1013 1682
1014 1626
1014 1848
1014 1404
1014 1676
1014 1121
1014 2046
1014 1465
1014 1850
1014 1852
1014 1662
1014 1847
1014 1842
1014 1845
1014 1522
1014 1844
1014 1851
1014 1645
1014 1846
1014 1849
1014 1294
1014 1730
1014 1841
1014 1843
1014 1584
1024 1702
1024 2569
1024 1987
1039 1359
1039 2504
1041 1318
1041 1766
1041 1170
1041 1359
1042 1359
1042 1244
1042 2449
1042 1467
1042 2391
1046 1572
1046 1774
1050 2611
1050 1895
1050 1433
1071 1073
1071 1359
1071 1471
1071 1726
1071 1168
1071 1830
1096 1987
1096 1811
1096 2614
1096 1326
1104 1761
1104 1749
1104 1124
1104 1888
1104 1481
1104 1889
1104 1719
1104 1887
1104 1521
1104 1285
1104 1359
1111 1225
1111 2296
1111 1121
1111 2026
1121 1584
1121 2026
1121 2195
1122 2137
1122 1132
1122 1811
1122 1411
1122 1656
1124 1359
1128 1987
1128 1584
1132 2186
1132 1931
1132 2281
1132 1134
1132 1216
1132 2284
1132 1910
1132 2282
1132 1656
1132 2283
1132 1501
1132 1225
1132 2156
1132 1539
1143 2327
1146 1170
1146 1359
1150 1359
1150 1895
1150 1987
1155 2516
1155 1743
1155 1715
1155 1359
1155 1716
1155 2515
1159 2252
1159 1636
1159 2253
1159 2383
1167 1987
1167 2583
1170 2221
1170 1738
1170 1720
1170 1721
1170 1359
1170 2493
1170 1732
1170 1715
1170 1735
1170 2477
1172 1296
1172 1356
1172 1910
1172 1856
1172 2360
1175 1913
1175 2395
1194 1706
1206 1359
1206 1762
1210 1359
1210 1738
1216 1895
1225 2153
1225 2154
1225 1661
1225 1920
1225 1371
1225 1852
1225 2152
1225 1588
1225 1292
1225 1976
1225 1584
1225 1849
1225 2155
1225 1526
1225 2157
1225 1733
1225 1342
1225 1527
1225 2156
1230 2440
1230 1309
1230 1359
1230 1750
1230 2443
1230 1255
1230 1385
1230 1507
1230 2442
1230 1628
1230 2441
1239 1359
1244 1359
1246 2081
1246 1771
1252 1449
1252 1624
1263 1510
1282 1359
1282 1749
1282 1747
1285 1605
1285 2451
1285 1359
1288 1359
1289 1310
1293 1318
1293 1359
1297 1911
1297 1912
1297 1914
1297 1913
1302 1543
1302 2141
1302 1316
1302 1317
1304 2164
1306 1359
1310 1742
1310 1883
1310 2104
1310 1339
1310 1678
1310 2103
1310 2179
1310 2016
1310 1626
1337 1798
1337 2034
1337 1453
1337 2033
1337 2035
1338 1702
1338 2046
1339 1913
1339 2386
1340 1754
1340 1359
1344 1646
1344 1508
1344 2166
1344 2317
1347 1671
1368 2081
1368 1585
1368 2144
1368 1779
1368 1657
1383 2284
1383 2177
1383 1503
1390 2598
1395 2138
1406 1895
1406 1509
1435 1987
1445 2324
1449 2035
1449 2046
1454 1987
1454 1702
1472 1647
1479 1903
1480 1895
1480 1702
1484 1727
1484 2209
1484 1621
1484 2084
1484 1736
1484 2114
1484 1744
1491 2086
1491 2328
1493 1766
1500 1777
1506 1789
1506 2087
1506 1625
1506 1553
1506 2108
1506 1700
1506 1802
1509 2118
1509 1895
1517 2613
1528 2275
1528 1669
1528 2451
1547 2170
1547 1805
1551 2084
1559 2339
1559 2340
1559 1987
1559 2341
1563 1766
1566 2366
1569 1730
1573 1777
1575 1987
1584 1996
1584 2026
1585 1799
1600 2442
1600 2461
1600 2615
1621 2451
1624 1779
1624 1777
1624 1775
1624 1773
1624 1785
1624 1776
1624 1768
1624 1780
1624 1778
1624 1784
1624 1783
1624 1782
1624 1781
1624 1771
1624 1774
1624 1770
1624 1769
1624 1772
1625 1788
1625 1779
1625 1787
1625 1781
1625 1778
1625 1789
1625 1786
1625 1780
1625 1706
1652 2046
1656 2296
1656 2137
1656 1895
1656 1840
1656 2385
1656 2283
1656 1843
1657 1799
1659 2019
1662 1852
1666 2035
1666 1702
1667 2382
1678 1909
1702 1876
1702 1875
1702 1870
1702 1861
1702 1874
1702 1857
1702 1858
1702 1821
1702 1859
1702 1862
1702 1863
1702 1867
1702 1873
1702 1878
1702 1855
1702 1872
1702 1869
1702 1800
1702 1868
1702 1864
1702 1847
1702 1854
1702 1853
1702 1866
1702 1856
1702 1871
1702 1865
1702 1877
1702 1860
1705 1913
1705 1987
1705 2078
1706 2082
1706 2323
1709 1858
1709 2315
1709 2314
1710 1987
1710 2366
1710 1740
1710 1739
1711 2445
1712 1732
1712 1766
1712 1731
1713 2447
1713 1726
1714 1899
1715 1728
1717 2447
1718 1732
1718 2561
1719 2686
1720 1766
1721 1766
1722 2477
1722 1762
1724 1725
1725 2216
1725 2217
1726 2414
1726 1746
1726 1741
1726 2335
1726 1735
1726 2598
1726 2597
1727 2169
1729 2600
1729 2258
1729 2556
1732 1756
1735 2598
1736 1777
1736 2325
1737 1764
1738 2617
1738 1889
1739 2367
1739 2366
1740 1887
1740 1751
1740 2222
1740 1767
1741 2392
1741 2391
1741 1805
1741 2393
1741 2390
1742 2594
1743 2444
1743 2308
1743 1750
1743 2446
1743 1759
1743 2445
1744 2451
1744 2114
1745 1766
1746 2597
1750 2447
1751 1766
1751 1767
1752 2597
1753 1755
1756 1766
1757 2643
1758 2452
1759 2467
1762 2176
1766 2493
1771 2081
1772 1779
1773 2046
1773 1783
1777 2079
1777 2325
1777 2046
1780 2319
1782 1999
1782 2108
1783 2327
1783 1799
1785 2046
1785 2097
1788 1811
1788 2046
1788 2144
1792 2046
1798 2089
1802 2452
1802 2204
1803 2080
1805 2452
1811 1812
1811 1816
1811 1815
1811 1818
1811 1822
1811 1824
1811 1817
1811 1821
1811 1820
1811 1813
1811 1814
1811 1870
1811 1823
1811 1819
1813 1987
1813 2035
1813 2551
1819 2307
1819 2306
1840 2454
1840 2425
1843 2282
1843 1981
1843 2406
1843 1980
1847 2118
1847 2358
1847 1868
1857 2097
1857 2046
1860 1987
1870 2310
1871 1987
1874 1987
1876 1987
1877 1987
1910 2306
1924 1928
1925 1928
1928 1929
1928 1930
1928 1931
1988 2005
1988 2510
1992 2326
1997 2065
1997 2064
1998 2413
1999 2327
2002 2336
2002 2045
2002 2004
2002 2122
2002 2003
2002 2381
2002 2382
2002 2380
2002 2349
2002 2124
2002 2379
2003 2380
2004 2124
2007 2478
2009 2302
2010 2026
2011 2017
2016 2072
2017 2072
2018 2468
2022 2419
2035 2037
2035 2042
2035 2041
2035 2043
2035 2039
2035 2040
2035 2038
2035 2131
2035 2036
2046 2047
2046 2048
2046 2049
2047 2049
2086 2090
2087 2095
2095 2107
2096 2146
2096 2505
2096 2330
2103 2386
2104 2386
2118 2119
2156 2294
2156 2296
2156 2295
2292 2293
2395 2397
2395 2398
2395 2396
2495 2496
74 559
74 1137
74 1724
74 450
74 1215
74 1746
74 1752
74 877
74 1190
74 798
74 1036
74 1359
163 1175
163 324
163 1668
163 1269
499 1653
1190 2360
1190 1359
1698 1987
1698 2254
89 1883
89 2179
89 1395
89 1289
89 1659
89 697
89 1733
89 1714
89 2014
89 2013
89 163
89 1495
89 1310
89 2012
89 499
89 2016
89 2011
89 1678
89 816
89 1528
89 2395
89 301
89 2018
89 131
89 2017
89 1848
89 738
89 416
89 1742
89 1909
89 852
89 1175
89 842
89 2015
89 744
110 2093
110 1770
110 290
110 237
110 1347
110 125
110 1790
110 2046
110 307
110 2095
110 319
110 134
110 177
110 611
110 1780
110 1806
110 427
110 2096
110 1662
110 1625
110 1773
110 564
110 1788
110 2094
110 1338
110 154
110 460
110 1786
110 1046
110 1999
110 520
307 1585
307 959
307 1798
307 1552
307 2085
307 1771
307 2087
307 574
307 1573
307 1652
307 2047
307 309
307 543
307 1491
307 609
307 1857
307 1657
307 1641
307 1799
307 1246
307 2079
307 657
307 1368
307 2046
307 418
307 911
307 1780
307 477
307 974
307 1484
307 1010
307 1800
307 656
307 582
307 330
307 488
307 1783
307 2090
307 1706
307 555
307 1788
307 1159
307 1252
307 1805
307 1776
307 2092
307 1803
307 2091
307 2049
307 427
307 2086
307 1782
307 1806
307 1347
307 2081
307 1773
307 351
307 2089
307 720
307 1194
307 888
307 1046
307 453
307 2088
307 1772
307 1073
307 520
418 2035
418 1073
418 2495
418 1872
837 2079
837 1014
837 1344
837 2404
837 1132
837 1573
1073 1799
1073 1798
1073 1263
1073 1484
1073 1734
1073 1785
1073 1479
1073 1804
1073 1741
1073 1805
1073 1806
1073 1801
1073 1802
1073 1506
1073 1726
1073 1800
1073 1359
1073 1803
1359 1766
1359 1761
1359 1748
1359 1712
1359 1605
1359 1732
1359 1755
1359 1730
1359 1563
1359 1493
1359 1484
1359 1647
1359 1767
1359 1600
1359 2598
1359 1763
1359 1710
1359 1738
1359 1741
1359 1747
1359 1757
1359 1472
1359 1760
1359 1751
1359 1743
1359 1709
1359 1551
1359 1718
1359 1481
1359 1739
1359 1724
1359 1744
1359 1711
1359 1750
1359 1500
1359 1445
1359 1765
1359 1731
1359 1740
1359 1745
1359 1713
1359 1714
1359 1547
1359 1715
1359 1716
1359 1717
1359 1719
1359 1722
1359 1385
1359 1517
1359 1720
1359 1566
1359 1733
1359 1721
1359 1621
1359 1723
1359 1725
1359 1726
1359 1390
1359 1727
1359 1728
1359 1729
1359 1734
1359 1735
1359 1736
1359 1569
1359 1737
1359 1742
1359 1746
1359 1749
1359 1752
1359 1753
1359 1754
1359 1756
1359 1758
1359 1759
1359 1762
1359 1764
1895 2118
1895 2119
1895 2035
1987 1988
1987 1997
1987 1996
1987 2010
1987 2006
1987 1989
1987 1990
1987 1991
1987 1993
1987 1994
1987 1998
1987 1999
1987 2000
1987 2005
1987 1992
1987 2009
1987 2002
1987 2004
1987 2003
1987 2001
1987 2008
1987 1995
1987 2007
