k : 2
Overall running time: 10.929s.
diameter : 8



ans.V.size: 
1111 1 15 17 18 19 21 23 31 34 35 37 39 40 54 55 60 70 73 77 79 87 91 95 102 106 112 115 116 119 122 131 136 142 147 150 153 155 156 157 160 163 171 172 175 182 190 197 200 204 211 229 230 235 240 243 245 253 256 270 279 282 291 301 305 310 311 312 313 318 325 327 329 331 334 335 338 343 347 358 360 364 365 373 377 378 383 385 390 395 398 400 402 407 408 410 412 416 421 436 437 442 452 455 465 466 467 472 485 487 490 491 499 502 503 506 507 509 511 524 525 527 531 532 537 545 549 552 553 557 558 563 566 568 572 573 578 580 581 590 606 607 608 610 614 617 618 623 627 628 629 631 644 646 650 653 655 661 662 666 670 671 672 675 679 683 685 686 687 690 692 697 705 707 715 718 725 738 742 743 745 749 755 758 759 760 761 765 771 774 776 782 789 792 795 797 801 806 809 815 816 820 824 827 830 832 834 839 842 844 852 853 854 855 860 863 864 871 874 877 879 881 883 890 898 903 906 909 910 920 927 929 930 937 945 946 949 952 958 961 962 964 970 971 979 980 981 995 996 999 1000 1001 1003 1013 1016 1019 1021 1027 1032 1034 1036 1039 1040 1041 1042 1047 1050 1068 1071 1078 1090 1093 1098 1104 1111 1112 1117 1121 1124 1125 1127 1134 1135 1137 1143 1145 1146 1148 1155 1160 1161 1170 1173 1175 1193 1197 1206 1210 1216 1218 1222 1224 1225 1230 1236 1239 1244 1245 1250 1254 1259 1263 1266 1271 1274 1282 1283 1284 1285 1288 1289 1290 1293 1294 1295 1297 1304 1306 1310 1312 1314 1316 1317 1318 1320 1327 1330 1336 1337 1339 1340 1344 1345 1356 1358 1366 1374 1383 1385 1386 1390 1395 1404 1406 1411 1413 1425 1427 1428 1434 1445 1460 1461 1463 1465 1466 1472 1475 1479 1481 1482 1490 1493 1494 1495 1498 1499 1500 1501 1503 1504 1506 1508 1509 1514 1517 1520 1522 1528 1539 1543 1549 1551 1562 1563 1565 1566 1569 1572 1578 1587 1600 1605 1610 1611 1615 1616 1617 1619 1621 1623 1624 1626 1636 1642 1645 1646 1647 1655 1656 1659 1663 1664 1670 1676 1678 1679 1682 1683 1688 1693 1703 1704 1709 1712 1713 1714 1715 1716 1717 1718 1719 1720 1721 1723 1724 1725 1727 1728 1729 1730 1731 1732 1733 1734 1735 1736 1737 1738 1741 1742 1743 1744 1745 1746 1747 1748 1749 1750 1751 1753 1754 1755 1756 1757 1758 1759 1760 1761 1762 1763 1764 1765 1766 1767 1769 1774 1778 1779 1781 1787 1789 1791 1793 1802 1804 1807 1808 1834 1841 1842 1843 1844 1845 1846 1848 1849 1850 1851 1852 1879 1883 1887 1890 1892 1894 1907 1909 1910 1922 1929 1930 1931 1942 1949 1951 1953 1969 1970 1984 2011 2012 2013 2014 2015 2016 2017 2018 2020 2028 2029 2034 2036 2037 2038 2039 2040 2041 2043 2044 2076 2077 2080 2082 2083 2084 2097 2098 2103 2104 2107 2108 2114 2115 2118 2119 2120 2123 2125 2126 2127 2128 2129 2130 2131 2137 2140 2141 2142 2144 2146 2154 2156 2163 2164 2166 2170 2179 2186 2192 2206 2207 2209 2213 2217 2218 2222 2231 2238 2240 2241 2242 2245 2246 2247 2248 2252 2253 2257 2260 2269 2281 2282 2283 2284 2288 2289 2292 2303 2305 2306 2307 2308 2309 2310 2315 2318 2319 2320 2323 2325 2328 2330 2335 2337 2350 2352 2358 2359 2360 2361 2367 2373 2374 2383 2386 2395 2403 2404 2405 2408 2410 2414 2445 2452 2461 2472 2477 2479 2482 2494 2495 2504 2505 2516 2520 2535 2542 2546 2557 2559 2574 2579 2590 2591 2595 2597 2598 2599 2600 2602 2606 2608 2612 2616 2681 2699 2707 74 470 559 706 723 1107 1568 2169 2501 2502 2 9 11 14 25 26 28 49 50 80 89 92 103 104 113 125 127 134 139 140 144 154 158 159 174 177 181 186 192 206 207 217 219 225 227 231 232 236 237 247 262 268 278 286 290 295 298 299 303 304 309 315 317 319 328 330 333 342 344 351 352 384 388 397 417 418 427 430 446 453 460 468 481 482 483 488 494 504 512 522 533 543 548 550 554 555 564 569 571 574 575 577 582 609 611 634 638 656 657 665 688 696 700 709 717 720 730 734 747 767 768 785 791 796 798 819 828 836 837 846 849 850 870 875 880 888 911 921 936 959 963 974 986 1004 1005 1010 1014 1015 1046 1053 1056 1063 1067 1073 1074 1076 1101 1108 1120 1122 1132 1141 1159 1172 1186 1190 1192 1194 1198 1213 1220 1240 1242 1246 1249 1252 1296 1298 1300 1302 1324 1326 1332 1335 1338 1348 1349 1368 1441 1446 1447 1449 1455 1480 1484 1489 1491 1523 1547 1552 1571 1573 1574 1577 1582 1584 1585 1604 1625 1637 1641 1652 1657 1662 1666 1667 1671 1706 1711 1722 1726 1739 1740 1752 1770 1771 1772 1773 1776 1777 1780 1782 1783 1785 1786 1788 1790 1792 1798 1799 1800 1801 1803 1805 1806 1809 1810 1812 1814 1815 1816 1817 1818 1819 1820 1821 1822 1823 1824 1831 1847 1853 1854 1855 1856 1857 1858 1859 1861 1862 1863 1864 1865 1866 1867 1868 1869 1870 1872 1873 1875 1878 1895 1908 1913 2026 2027 2042 2045 2047 2048 2049 2064 2065 2078 2079 2081 2085 2086 2087 2088 2089 2090 2091 2092 2093 2094 2095 2096 2122 2124 2139 2237 2239 2244 2254 2302 2304 2326 2327 2336 2339 2340 2341 2349 2366 2379 2380 2381 2382 2413 2431 2478 2510 2533 2551 2556 2569 2583 2614 2668 2669 2692 166 170 198 1359 1474 2035 2708 3 46 69 72 110 152 161 180 202 216 233 307 336 367 392 461 477 520 567 599 604 674 682 744 746 793 900 969 1024 1096 1128 1150 1167 1347 1435 1454 1559 1575 1698 1705 1710 1811 1813 1860 1871 1874 1876 1877 1988 1989 1990 1991 1992 1993 1994 1995 1996 1997 1999 2000 2001 2002 2003 2004 2005 2006 2007 2008 2009 2010 2046 1702 1998 1987 
1 1863
1 2583
1 634
15 2076
15 2035
15 159
15 2669
15 2078
17 2445
17 971
18 2141
18 25
18 1316
18 1317
19 140
19 1787
19 2083
19 2146
21 1073
23 1703
23 1704
23 40
23 2239
31 1359
31 2163
34 2041
34 2122
34 2120
35 1359
37 2107
37 2095
37 1782
37 1506
37 2108
37 1641
39 1161
39 863
39 430
39 864
40 2358
40 1523
54 1104
54 1740
54 1359
55 768
55 402
60 1288
60 581
60 1068
60 1726
60 1359
60 610
60 106
70 1014
73 1359
73 1104
77 89
77 2179
79 1220
79 1330
87 1337
87 430
87 2035
91 1359
91 157
91 156
95 2358
95 734
102 282
102 1359
106 1722
106 2477
112 1170
112 1359
112 1763
112 759
115 2289
115 611
116 974
119 1508
119 2166
119 1617
119 1539
119 1852
119 455
119 1344
119 256
119 2011
119 555
119 582
122 590
122 981
122 1159
122 2253
122 2252
131 2018
136 2096
142 1003
142 2035
147 898
147 1908
150 2026
150 1656
153 2239
153 2241
155 1239
155 1340
155 1445
155 1569
155 1359
155 1753
155 1754
155 365
155 820
155 1755
155 327
156 1737
156 1359
156 157
156 1764
157 1764
157 1359
160 181
160 2309
163 1175
171 1359
171 1068
172 791
172 1549
172 776
175 1743
175 2335
175 1359
182 1465
182 1014
190 1263
190 1073
197 2123
197 430
200 1870
200 421
204 964
204 1870
204 855
211 1907
211 1615
211 2310
211 1908
229 1872
229 1359
229 849
229 1722
230 1406
230 1895
230 2119
235 611
240 1760
240 911
240 888
240 1910
243 1132
243 839
243 2281
245 1073
245 566
245 1359
245 1611
253 974
256 1344
279 1186
282 1001
282 2245
282 1383
282 1348
282 747
282 2248
291 1766
291 688
291 329
291 2360
291 568
301 416
305 1173
305 1858
310 2269
310 2306
310 384
311 1332
311 1582
311 1242
311 1816
311 1949
311 1951
312 1866
312 344
313 1741
313 1611
313 1723
318 1625
318 1786
325 828
327 1755
327 1359
329 952
331 2124
331 1506
334 1359
335 1014
338 1359
338 1500
338 1777
343 1073
347 1359
347 1000
358 1155
358 1359
360 1621
360 390
360 1484
364 1004
365 971
365 1359
365 820
365 1757
373 1711
373 627
377 1584
378 1266
378 734
378 2292
378 679
383 2035
385 1624
385 1625
390 705
390 906
390 1484
390 1078
390 1744
395 578
395 2352
395 850
398 880
398 2330
398 666
400 1770
400 545
400 1090
400 2108
402 1161
402 734
407 506
408 1682
408 410
408 696
408 1683
410 1682
410 1625
410 2085
412 1489
412 1578
416 738
416 1844
416 1310
416 1848
416 1678
416 1645
416 819
416 2179
416 2015
416 1909
416 1175
416 852
416 1528
416 1851
421 1870
436 487
436 1913
436 734
437 499
437 1040
437 879
437 1495
437 1132
442 2095
442 455
442 672
452 672
452 936
455 1662
455 582
455 974
465 2445
465 1759
466 2305
466 1404
466 1870
467 1359
467 971
467 1306
467 1739
472 2014
472 2395
472 1014
485 1776
485 1368
485 2082
485 2047
485 543
487 2669
487 2668
487 2078
490 1359
491 1132
491 1310
491 827
502 1359
502 1766
506 574
506 1259
506 1780
506 1252
506 844
506 2084
506 1449
507 1014
509 2326
511 1014
511 1132
511 1172
525 980
525 553
525 2477
525 1359
525 1170
527 566
527 1743
531 1014
531 2095
531 1506
532 607
532 2309
537 1895
537 568
545 1770
549 844
549 2139
553 1170
553 1359
557 1806
557 1624
558 1726
563 705
563 1736
563 1484
566 1039
566 1611
566 688
566 1724
568 1263
568 761
568 1514
572 697
572 1571
573 2026
578 2352
578 850
578 871
580 1809
580 1135
580 995
581 1359
581 1759
581 1766
581 2445
581 745
581 1743
590 1625
590 981
590 1159
606 2535
606 1108
607 1667
607 2361
607 2231
610 1042
610 1359
614 1359
617 2366
617 1359
617 2504
617 1740
618 2035
618 706
623 1003
623 1953
627 2557
627 2559
627 1359
628 2239
628 2336
628 2123
629 1726
629 1765
629 1170
631 974
644 1539
644 2408
646 1359
650 1172
661 1624
662 1883
662 936
662 1046
662 1879
666 2123
670 730
670 1125
672 974
672 2026
675 1908
679 734
683 974
683 1225
685 1359
685 1283
687 1359
687 2367
690 1318
690 1359
690 1170
690 1293
690 1722
692 2035
692 2131
697 1571
705 970
705 1744
705 2114
705 1484
705 1413
707 2239
707 806
707 964
715 1386
718 1908
725 1345
725 2395
738 2179
738 2137
742 1283
742 2094
742 832
743 1621
743 1744
743 1484
745 1359
745 1155
749 1551
749 1569
749 1170
749 1146
749 1359
749 1104
749 1733
755 1484
755 1359
758 1359
758 1285
759 1763
759 1359
760 1704
761 1427
761 986
761 2461
761 1514
765 797
765 1359
771 1895
771 2118
774 1073
774 1506
776 2076
782 2403
789 1953
789 2042
789 2034
789 1032
789 2206
792 2131
792 2035
795 1161
795 864
797 1318
797 1104
797 1359
801 890
806 2237
806 964
809 1786
815 2383
815 1159
816 1175
816 2018
816 1345
820 1359
824 1359
824 1170
824 2222
824 1766
827 2288
830 1817
832 1734
832 2094
832 1359
834 2037
834 1679
834 1642
839 2281
839 1132
842 2035
844 2340
852 1310
853 1801
854 1763
854 1170
854 1359
855 936
855 1098
860 2097
864 1161
871 2127
871 1120
874 1480
874 1359
874 1709
877 2169
877 1359
879 2327
881 974
881 1014
883 1359
890 1831
898 1984
898 1908
898 1411
898 1495
903 1285
903 1605
903 1359
906 1621
906 1484
906 1283
909 1014
920 1359
927 1863
929 1327
929 2064
930 1359
937 1068
937 2516
945 2139
946 1073
949 1682
949 1683
952 1359
958 1155
958 2084
958 1359
958 1758
961 1777
962 1729
962 2600
962 2556
964 2241
964 1786
964 1704
970 1736
970 1484
970 1744
971 1359
971 2366
979 1359
979 999
980 1304
980 1504
981 1624
981 1368
995 1330
995 2310
995 1220
996 2386
996 1913
996 1310
999 1104
999 2366
999 1285
1000 1359
1001 1326
1003 2035
1003 2034
1003 1953
1013 1683
1013 1337
1013 1798
1013 1682
1016 1386
1016 1619
1016 1789
1016 1790
1016 1482
1016 1520
1019 2379
1021 2078
1021 2076
1021 2668
1027 2035
1027 1304
1032 1953
1034 2169
1036 1802
1036 1834
1036 1741
1036 1434
1039 2504
1039 1359
1041 1318
1041 1766
1041 1170
1041 1359
1042 1244
1042 1359
1047 2337
1050 1895
1068 2308
1068 1831
1071 1073
1071 1359
1071 1726
1078 1484
1078 2114
1090 2087
1093 1107
1093 2502
1093 1172
1098 1870
1104 1359
1104 1887
1104 1749
1104 1285
1104 1761
1104 1481
1104 1719
1104 1124
1111 1225
1111 1121
1111 2026
1112 1120
1112 1274
1112 2127
1112 2126
1112 2130
1117 1224
1121 2026
1121 1584
1124 1359
1127 1824
1134 1539
1134 2186
1134 1501
1137 2360
1137 1190
1143 2327
1145 1246
1145 1624
1146 1170
1146 1359
1148 1866
1155 2516
1155 1743
1155 1715
1155 1716
1155 1359
1160 2535
1161 2269
1170 1735
1170 1359
1170 1720
1170 1732
1170 1715
1170 1721
1170 2477
1170 1738
1175 1913
1175 2395
1197 1625
1197 1368
1206 1762
1206 1359
1210 1738
1210 1359
1216 1895
1222 1578
1225 2154
1225 2156
1225 1849
1225 1584
1225 1733
1225 1852
1230 1359
1230 1385
1230 1750
1236 2127
1236 1463
1239 1359
1244 1359
1250 2557
1250 2559
1250 1484
1266 2292
1271 2035
1271 1623
1274 2127
1274 2130
1274 2125
1274 2035
1274 2126
1282 1359
1282 1749
1282 1747
1283 1736
1283 1484
1283 2325
1283 1284
1283 1777
1284 2325
1284 1777
1285 1359
1285 1605
1288 1359
1289 1310
1290 1623
1290 1706
1293 1318
1293 1359
1297 1913
1304 2164
1306 1359
1310 1742
1310 1626
1310 2016
1310 2179
1310 1883
1310 1339
1310 2104
1310 2103
1310 1678
1312 1314
1312 2081
1314 2408
1318 1720
1318 1740
1318 2222
1318 1721
1320 2035
1327 2064
1336 2091
1336 2088
1336 1857
1337 1798
1337 2035
1337 2034
1339 2386
1339 1913
1340 1754
1340 1359
1344 1646
1344 2166
1344 1508
1345 1929
1358 2026
1366 1703
1366 1704
1366 2520
1366 2510
1383 1503
1383 2284
1386 2336
1390 2598
1404 2318
1406 1509
1406 1895
1411 1656
1413 1736
1413 1484
1413 1744
1425 1814
1427 1752
1428 1743
1428 1726
1434 2360
1460 2081
1461 2359
1461 2350
1463 1664
1466 1800
1466 1489
1472 1647
1475 2336
1475 1909
1482 2336
1482 1670
1493 1766
1498 2035
1499 2591
1499 2350
1499 2026
1500 1777
1501 1539
1501 2186
1503 1504
1503 2164
1504 2244
1504 2242
1506 1789
1506 1625
1506 2087
1506 2108
1506 1802
1508 1646
1509 2118
1509 1895
1514 1831
1520 2336
1539 1843
1539 2186
1543 1578
1543 1942
1551 2084
1562 1624
1563 1766
1565 1773
1565 1787
1566 2366
1569 1730
1587 2169
1600 2461
1610 1791
1610 1913
1610 1792
1611 2557
1611 2559
1615 2035
1616 1666
1617 1850
1619 1790
1624 1769
1624 1770
1624 1776
1624 1772
1624 1778
1624 1773
1624 1779
1624 1781
1624 1774
1624 1782
1624 1785
1624 1783
1624 1780
1624 1771
1624 1777
1626 1730
1655 1953
1655 2035
1656 1843
1656 2137
1656 2283
1656 1895
1663 2382
1663 1667
1678 1909
1679 1747
1682 2319
1682 2320
1683 2320
1683 2292
1688 1722
1693 2349
1693 2303
1693 2350
1703 2239
1703 1704
1704 1970
1704 2239
1704 1969
1704 1907
1709 2315
1709 1858
1712 1732
1712 1766
1712 1731
1713 1726
1715 1728
1718 1732
1720 1766
1721 1766
1724 1725
1725 2217
1727 2169
1729 2600
1729 2556
1732 1756
1735 2598
1736 1777
1736 2325
1737 1764
1741 1805
1743 2308
1743 2445
1743 1759
1743 1750
1744 2114
1745 1766
1746 2597
1751 1767
1751 1766
1753 1755
1756 1766
1758 2452
1769 2326
1774 1790
1774 1781
1778 2144
1779 2328
1802 2452
1807 1810
1808 2035
1843 2282
1849 1910
1879 2257
1890 1892
1890 2035
1890 2131
1890 2040
1890 1894
1892 2131
1892 2035
1907 1908
1910 2306
1929 2318
1930 2035
1949 1951
1953 2207
1953 2206
1969 2035
1970 2237
1970 2239
1984 2035
2011 2017
2028 2361
2040 2043
2041 2123
2076 2077
2076 2668
2076 2669
2076 2078
2076 2092
2077 2078
2077 2668
2084 2169
2103 2386
2104 2386
2115 2510
2115 2520
2118 2119
2123 2124
2125 2126
2125 2127
2125 2128
2126 2127
2128 2131
2129 2130
2140 2141
2140 2142
2154 2156
2163 2164
2213 2217
2238 2239
2246 2247
2247 2248
2248 2510
2252 2253
2260 2336
2269 2292
2288 2289
2305 2386
2306 2307
2350 2359
2360 2373
2361 2579
2403 2404
2445 2504
2472 2494
2595 2681
2707 2708
74 559
74 1137
74 1746
74 1752
74 1724
74 877
74 1190
74 798
74 1359
74 1036
470 2305
470 2413
559 1190
559 877
723 1274
723 1568
723 1875
723 2502
723 2501
1107 2502
1107 1875
1568 2501
1568 1655
1568 1875
2169 2170
2 653
2 655
2 3
9 270
9 1997
9 282
11 477
11 2546
14 1702
14 1811
25 2142
25 599
25 1702
25 1637
25 202
25 2140
26 2012
26 1302
26 2318
26 1345
28 607
28 1811
28 2579
28 2361
49 1032
49 2206
49 2472
49 599
49 1663
49 2207
49 2042
49 715
49 1667
50 2035
50 1667
80 604
80 2098
89 697
89 1659
89 1289
89 1733
89 1395
89 2013
89 163
89 1495
89 1310
89 499
89 2016
89 2012
89 1678
89 2011
89 131
89 2018
89 1714
89 2014
89 1742
89 301
89 816
89 2017
89 2395
89 1528
89 1848
89 738
89 416
89 1909
89 2015
89 744
89 852
89 842
89 1175
89 1883
89 2179
92 2002
92 2123
92 331
92 2381
92 1047
92 2124
103 110
103 1252
103 1562
103 1872
103 2257
103 1624
103 1879
103 1449
104 609
104 140
104 307
104 1791
104 1776
104 485
113 1624
113 307
113 2081
113 488
125 1623
125 307
125 2479
125 1368
127 2046
127 307
127 237
127 1624
127 2080
127 1552
134 1624
134 2083
134 400
134 453
134 1671
134 1778
134 1785
134 2046
139 1777
139 237
139 307
140 661
140 1624
140 1781
140 911
140 2046
140 307
144 599
144 317
144 1702
154 2046
154 307
154 237
154 1624
154 460
158 599
158 1702
158 2494
158 1871
159 1702
159 181
159 2035
174 688
174 1359
174 1587
174 1034
177 974
177 232
181 1021
181 1808
181 791
181 776
181 2005
181 2077
181 792
181 2038
186 298
186 2004
192 609
192 1792
192 383
192 1678
192 2386
192 1999
206 1702
206 1870
207 2692
217 1702
217 1543
219 2077
219 734
219 793
219 2595
219 483
219 2120
219 1021
219 2092
219 782
219 1349
219 1383
225 2035
225 1811
227 1702
231 550
231 1096
231 578
231 1218
231 1811
232 388
232 1702
232 552
232 2218
232 1869
232 233
236 1702
237 2046
237 2080
237 1073
237 2047
237 2079
237 1573
237 307
247 1688
247 1359
247 2516
247 937
262 1895
262 1702
262 1480
262 874
268 2374
268 671
268 2001
278 974
278 1870
278 554
278 697
286 2000
286 503
290 1723
290 1359
295 307
295 2048
298 599
298 900
298 1543
299 1326
299 608
299 1096
303 720
303 307
303 1159
303 1254
303 351
304 1671
304 2144
304 720
309 2046
309 1671
309 351
309 1254
315 2001
315 1624
317 1074
317 921
317 1822
317 767
317 1298
317 846
317 2005
317 1869
317 599
319 1702
319 564
319 2046
328 1326
328 1997
328 929
328 2065
328 2064
330 1799
330 2599
333 2123
333 2004
333 666
333 2616
342 2046
342 1359
342 614
342 1390
342 1547
344 1702
351 2090
351 407
351 1641
351 1624
351 2086
351 2085
351 1779
351 657
351 1783
351 2091
351 1776
352 1811
384 1705
384 734
384 2269
388 520
388 2192
397 1989
397 1218
417 1702
417 520
418 2035
418 1073
418 2495
418 1872
427 1773
427 1790
427 488
427 1783
427 1778
427 1806
430 2045
430 2042
430 1890
430 1808
430 706
430 524
430 864
430 1494
430 2002
430 795
430 2044
430 1619
430 1670
446 1435
446 910
453 1624
453 1259
460 1624
460 1682
468 1173
468 1709
468 1702
481 1711
481 688
481 599
481 2360
481 2373
481 1427
482 1288
482 2292
482 824
482 1811
483 2231
483 1811
483 791
483 1813
483 2309
483 1808
483 1815
483 2308
488 2081
488 1773
488 656
488 860
488 2027
488 1783
488 1799
488 1706
488 1774
494 1245
494 1760
504 577
504 1693
504 2002
512 1811
512 550
522 599
533 1702
533 1864
543 1246
543 1624
548 1702
548 599
550 1811
550 1498
554 1996
554 2010
554 1584
554 746
554 1128
555 686
564 1702
564 1338
564 2046
569 1117
569 1224
569 1811
571 2431
574 1314
574 644
574 2408
575 577
575 1693
575 2002
577 1811
577 2349
577 666
582 1624
582 1617
582 1793
609 2081
609 1624
611 2482
611 2288
611 827
611 2289
634 1867
634 1702
638 1642
656 2081
657 2091
665 1702
688 1172
688 1359
688 1722
688 1711
688 1547
688 2373
688 1726
688 1611
688 1034
688 2360
688 1587
696 1999
696 1013
696 2320
696 1791
696 949
696 1682
696 1337
696 1683
700 2046
700 2328
700 1702
709 2213
709 1359
709 837
709 2217
717 1811
717 1822
717 2410
720 1811
720 1624
730 1160
730 1222
730 1702
730 2535
734 2302
734 1266
734 2012
734 1161
734 2303
734 1193
734 1063
734 1819
734 1683
734 795
734 2036
734 2304
734 863
734 2269
734 1295
734 1818
734 760
734 2292
734 1330
734 2009
734 2305
747 2007
747 1304
767 1869
767 846
767 1298
768 874
768 2315
768 1702
785 1702
785 961
791 1811
791 1549
796 1646
796 1811
798 1359
798 2360
798 1834
798 801
819 2000
828 1922
828 1040
828 2000
836 1811
836 1655
836 1135
836 1122
837 2079
837 1014
837 1344
837 2404
837 1573
837 1132
849 986
849 1374
850 1994
850 2352
870 1702
870 1865
870 1441
875 1702
880 1559
888 1624
888 911
888 1625
911 1624
911 2086
921 1894
936 974
936 1874
959 1799
959 1073
963 1809
963 1808
963 1810
963 1666
963 1807
963 1811
963 1063
974 1143
974 2020
974 2017
974 1073
974 1584
974 2154
986 1359
986 1074
986 1150
1004 1688
1004 2608
1004 1374
1005 1811
1005 1490
1010 2097
1014 1843
1014 1584
1014 1841
1014 1730
1014 1847
1014 1662
1014 1842
1014 2046
1014 1121
1014 1676
1014 1645
1014 1845
1014 1522
1014 1851
1014 1850
1014 1465
1014 1849
1014 1294
1014 1848
1014 1626
1014 1404
1014 1846
1014 1844
1014 1852
1015 1559
1046 1774
1046 1572
1053 1702
1056 1578
1063 1811
1063 1193
1067 1575
1073 1799
1073 1798
1073 1484
1073 1359
1073 1803
1073 1734
1073 1785
1073 1479
1073 1804
1073 1741
1073 1805
1073 1806
1073 1801
1073 1802
1073 1506
1073 1726
1073 1800
1073 1263
1074 2164
1076 1702
1076 1125
1101 1702
1108 1811
1108 2380
1108 2244
1120 2126
1120 1463
1120 2129
1120 2125
1120 1274
1120 2128
1120 2127
1120 2130
1120 1236
1120 1698
1120 1664
1122 1811
1122 1132
1122 2137
1122 1656
1122 1411
1132 1931
1132 2281
1132 1134
1132 2282
1132 1216
1132 1539
1132 1225
1132 2186
1132 2284
1132 2283
1132 1501
1132 1910
1132 1656
1132 2156
1159 1636
1159 2252
1159 2253
1159 2383
1172 1296
1172 1356
1172 1910
1172 1856
1172 2360
1186 1461
1186 1993
1186 2350
1186 2359
1186 2590
1186 2591
1190 1359
1190 2360
1192 1559
1192 2242
1192 2340
1194 1706
1198 1999
1198 1792
1213 1702
1240 2612
1240 2028
1242 1951
1242 1702
1246 2081
1246 1771
1249 1652
1249 2046
1252 1449
1252 1624
1296 1988
1300 1811
1300 1702
1302 1543
1302 2141
1302 1316
1302 1317
1324 1702
1326 2248
1326 2064
1332 1577
1332 1811
1335 1543
1335 1578
1335 1942
1335 1951
1335 1702
1338 1702
1338 2046
1348 1998
1349 2606
1349 2164
1349 1811
1368 2081
1368 1585
1368 2144
1368 1779
1368 1657
1441 1702
1446 1447
1449 2035
1449 2046
1480 1895
1480 1702
1484 1727
1484 2209
1484 1621
1484 2084
1484 1736
1484 2114
1484 1744
1489 2602
1491 2328
1491 2086
1523 2681
1523 1698
1547 1805
1547 2170
1573 1777
1574 2699
1577 1811
1582 1820
1582 1811
1584 1996
1584 2026
1585 1799
1625 1786
1625 1788
1625 1781
1625 1780
1625 1706
1625 1778
1625 1779
1625 1787
1625 1789
1637 1702
1637 2142
1637 2140
1652 2046
1657 1799
1662 1852
1666 1702
1666 2035
1667 2382
1706 2082
1706 2323
1711 2445
1722 2477
1722 1762
1726 2414
1726 1746
1726 1741
1726 2335
1726 1735
1726 2598
1726 2597
1739 2367
1739 2366
1740 1887
1740 1751
1740 2222
1740 1767
1752 2597
1771 2081
1772 1779
1773 1783
1773 2046
1777 2079
1777 2325
1777 2046
1780 2319
1782 1999
1782 2108
1783 1799
1783 2327
1785 2046
1785 2097
1788 1811
1788 2046
1788 2144
1792 2046
1798 2089
1803 2080
1805 2452
1809 1811
1810 1811
1812 1823
1816 1951
1819 2307
1819 2306
1820 1949
1821 1874
1831 2046
1847 1868
1847 2358
1847 2118
1853 2046
1857 2097
1857 2046
1863 2583
1868 2118
1870 2310
1875 2501
1875 2502
1878 2574
1895 2118
1895 2119
1895 2035
1913 2103
1913 2405
1913 2104
2026 2027
2026 2028
2026 2029
2027 2097
2027 2046
2047 2049
2086 2090
2087 2095
2095 2107
2096 2146
2096 2330
2096 2505
2122 2123
2124 2381
2237 2238
2239 2240
2239 2241
2244 2245
2244 2247
2244 2246
2304 2542
2336 2337
2339 2556
2340 2341
2510 2520
2556 2600
2668 2669
166 599
166 1474
166 2708
166 2707
170 2707
170 1995
198 232
198 2413
1359 1766
1359 1712
1359 1748
1359 1744
1359 1724
1359 1739
1359 1600
1359 1767
1359 1761
1359 1605
1359 1732
1359 1755
1359 1730
1359 1563
1359 1493
1359 1647
1359 1551
1359 1718
1359 1472
1359 1709
1359 2598
1359 1763
1359 1710
1359 1743
1359 1738
1359 1741
1359 1747
1359 1757
1359 1484
1359 1760
1359 1751
1359 1481
1359 1711
1359 1750
1359 1500
1359 1445
1359 1765
1359 1731
1359 1740
1359 1745
1359 1713
1359 1714
1359 1547
1359 1715
1359 1716
1359 1717
1359 1719
1359 1722
1359 1385
1359 1517
1359 1720
1359 1566
1359 1733
1359 1721
1359 1621
1359 1723
1359 1725
1359 1726
1359 1390
1359 1727
1359 1728
1359 1729
1359 1734
1359 1735
1359 1736
1359 1569
1359 1737
1359 1742
1359 1746
1359 1749
1359 1752
1359 1753
1359 1754
1359 1756
1359 1758
1359 1759
1359 1762
1359 1764
1474 2707
1474 2708
2035 2037
2035 2039
2035 2043
2035 2131
2035 2041
2035 2042
2035 2038
2035 2040
2035 2036
3 1667
3 1987
3 1455
3 333
46 2669
46 1220
46 1987
46 734
46 2668
46 2304
69 1987
69 392
69 1359
72 1987
72 207
72 2692
110 1046
110 1786
110 1773
110 1625
110 1662
110 2093
110 1770
110 290
110 237
110 1347
110 125
110 1790
110 2046
110 307
110 611
110 1780
110 520
110 1999
110 2096
110 1806
110 319
110 134
110 2095
110 427
110 1788
110 564
110 2094
110 177
110 460
110 1338
110 154
152 2237
152 2336
152 1987
152 2239
161 2010
161 278
161 554
161 2001
161 1987
161 746
161 744
180 232
180 1987
180 198
202 2431
202 298
202 599
202 571
202 1702
202 1987
216 1987
216 2046
216 1702
233 1702
233 1987
233 1865
233 870
307 1194
307 720
307 1772
307 2088
307 1585
307 959
307 1798
307 1552
307 2085
307 1771
307 2087
307 574
307 1573
307 1652
307 2047
307 309
307 656
307 543
307 1491
307 609
307 974
307 2079
307 657
307 1368
307 1073
307 520
307 1800
307 1484
307 1010
307 2046
307 418
307 1657
307 1641
307 1799
307 1246
307 1788
307 1159
307 1805
307 1252
307 555
307 1776
307 2092
307 1803
307 582
307 477
307 1706
307 1780
307 911
307 2091
307 2049
307 427
307 2086
307 1783
307 1857
307 1782
307 1347
307 1806
307 2090
307 488
307 330
307 2081
307 888
307 1046
307 351
307 1773
307 2089
307 453
336 1702
336 1987
367 746
367 1987
367 554
367 1584
392 1987
392 494
392 2366
461 1990
461 2533
461 1987
477 1987
477 1801
477 1141
520 2046
520 599
520 837
520 1347
520 1671
520 1999
520 1575
520 1987
567 1987
567 1908
599 1876
599 1871
599 870
599 2139
599 1865
599 1474
599 1300
599 1004
599 1101
599 1108
599 1298
599 846
599 1574
599 767
599 1824
599 1637
599 1822
599 638
599 1302
599 2708
599 969
604 1249
604 1874
604 796
604 2046
604 1822
604 717
674 1987
674 1908
682 1172
682 1987
682 1447
682 1446
744 1987
744 746
744 1571
744 1240
746 1996
746 1128
746 2010
746 1987
793 2556
793 1987
793 1489
793 1559
900 1987
900 1056
900 1859
969 1604
969 1987
1024 1987
1024 2569
1024 1702
1096 1811
1096 1987
1096 2614
1096 1326
1128 1987
1128 1584
1150 1895
1150 1359
1150 1987
1167 1987
1167 2583
1347 1671
1435 1987
1454 1702
1454 1987
1559 2339
1559 2340
1559 1987
1559 2341
1575 1987
1698 2254
1698 1987
1705 1913
1705 2078
1705 1987
1710 1987
1710 2366
1710 1740
1710 1739
1811 1812
1811 1822
1811 1813
1811 1815
1811 1818
1811 1824
1811 1817
1811 1820
1811 1816
1811 1821
1811 1870
1811 1823
1811 1819
1811 1814
1813 2035
1813 2551
1813 1987
1860 1987
1871 1987
1874 1987
1876 1987
1877 1987
1988 2005
1988 2510
1992 2326
1997 2065
1997 2064
1999 2327
2002 2122
2002 2003
2002 2336
2002 2045
2002 2004
2002 2381
2002 2382
2002 2380
2002 2349
2002 2124
2002 2379
2003 2380
2004 2124
2007 2478
2009 2302
2010 2026
2046 2048
2046 2049
2046 2047
1702 1874
1702 1876
1702 1875
1702 1861
1702 1859
1702 1860
1702 1862
1702 1863
1702 1867
1702 1864
1702 1847
1702 1800
1702 1868
1702 1873
1702 1878
1702 1871
1702 1821
1702 1858
1702 1872
1702 1870
1702 1869
1702 1857
1702 1856
1702 1855
1702 1854
1702 1853
1702 1877
1702 1866
1702 1865
1998 2413
1987 1996
1987 2010
1987 2006
1987 1989
1987 2008
1987 1990
1987 1991
1987 1993
1987 1994
1987 1999
1987 2000
1987 1988
1987 2005
1987 1992
1987 2009
1987 2002
1987 2004
1987 2003
1987 2001
1987 1995
1987 2007
1987 1998
1987 1997
