k : 2
Overall running time: 5.473s.
diameter : 9



ans.V.size: 
1158 1 14 15 18 23 26 28 30 31 33 34 35 37 39 40 44 53 54 56 60 61 62 73 79 80 91 101 102 103 104 112 113 119 125 127 134 139 140 142 143 144 147 149 150 153 154 155 156 157 159 160 162 166 171 174 175 177 196 197 204 206 211 217 225 227 229 230 236 237 240 245 247 256 258 259 262 270 273 277 279 281 282 290 295 303 304 306 309 310 316 318 319 324 325 327 330 332 334 338 342 344 347 348 351 352 358 365 376 377 378 383 385 395 398 400 402 406 408 409 410 412 418 424 431 434 435 436 437 452 453 455 460 467 468 470 471 472 481 482 486 487 488 490 491 498 502 503 505 509 511 512 515 517 522 524 525 531 532 533 537 540 543 544 548 549 550 552 553 555 564 569 572 573 574 578 581 582 590 598 601 605 607 608 609 610 611 614 617 620 625 627 628 634 635 638 639 646 650 652 653 655 656 657 662 665 666 667 668 671 672 675 676 679 681 685 687 688 690 692 699 700 706 707 709 717 718 720 725 730 735 737 745 749 750 752 755 757 758 759 760 761 764 765 767 768 771 772 774 776 782 784 785 788 789 791 792 795 796 797 798 806 810 820 824 832 836 843 844 846 848 849 853 854 855 858 859 861 862 863 864 869 871 874 875 877 879 883 886 888 898 903 910 911 913 920 921 929 930 935 949 951 952 958 959 962 965 966 971 974 979 984 985 994 995 996 999 1000 1001 1003 1004 1005 1009 1010 1013 1014 1019 1021 1026 1027 1028 1039 1040 1041 1042 1046 1047 1048 1050 1053 1062 1063 1069 1071 1073 1074 1076 1086 1093 1095 1098 1101 1104 1111 1112 1116 1118 1121 1122 1124 1126 1132 1142 1143 1146 1147 1153 1155 1157 1158 1159 1161 1170 1190 1193 1194 1197 1199 1204 1205 1206 1210 1213 1216 1218 1219 1225 1230 1236 1239 1242 1244 1245 1246 1249 1252 1260 1262 1266 1267 1269 1270 1271 1274 1282 1285 1286 1288 1293 1294 1295 1297 1298 1300 1302 1304 1306 1318 1320 1324 1327 1330 1332 1335 1338 1339 1340 1344 1345 1349 1352 1356 1358 1366 1368 1383 1385 1386 1389 1390 1396 1397 1400 1406 1418 1421 1422 1426 1436 1441 1444 1445 1449 1461 1463 1464 1466 1468 1469 1472 1474 1480 1481 1482 1484 1488 1491 1493 1494 1496 1498 1499 1500 1504 1509 1516 1517 1520 1532 1536 1541 1543 1547 1551 1552 1553 1563 1566 1567 1569 1573 1574 1577 1578 1582 1585 1600 1605 1610 1615 1621 1624 1626 1631 1637 1641 1647 1650 1652 1653 1655 1656 1657 1662 1664 1666 1668 1669 1670 1672 1681 1682 1683 1693 1696 1697 1700 1703 1704 1706 1709 1711 1712 1713 1715 1716 1717 1718 1719 1720 1721 1722 1723 1724 1725 1726 1727 1728 1729 1730 1731 1732 1734 1735 1736 1737 1738 1741 1743 1744 1745 1746 1747 1748 1749 1750 1751 1752 1753 1754 1755 1756 1757 1758 1759 1760 1761 1762 1763 1764 1765 1766 1767 1769 1770 1771 1772 1773 1776 1777 1778 1779 1780 1781 1783 1785 1786 1787 1788 1791 1792 1798 1799 1800 1802 1803 1805 1806 1807 1809 1810 1812 1814 1815 1816 1817 1818 1819 1820 1822 1823 1824 1831 1839 1842 1845 1847 1849 1853 1854 1855 1856 1857 1858 1861 1862 1863 1864 1866 1867 1868 1869 1870 1872 1873 1875 1878 1887 1891 1893 1894 1899 1907 1915 1922 1923 1924 1925 1930 1952 1953 1967 1970 1975 1980 1983 1984 1985 1986 2019 2025 2027 2028 2029 2033 2034 2036 2037 2038 2039 2043 2044 2047 2048 2049 2054 2056 2058 2072 2073 2075 2076 2077 2079 2081 2085 2086 2087 2088 2089 2090 2091 2092 2093 2094 2095 2096 2103 2104 2108 2109 2115 2117 2118 2119 2120 2121 2123 2125 2126 2127 2128 2129 2130 2132 2137 2138 2139 2140 2142 2154 2181 2182 2184 2192 2198 2201 2202 2203 2204 2218 2220 2222 2229 2231 2232 2233 2234 2238 2240 2241 2242 2245 2246 2247 2248 2250 2260 2263 2264 2269 2275 2292 2294 2295 2303 2305 2306 2308 2309 2311 2312 2320 2330 2334 2337 2348 2350 2351 2352 2356 2358 2359 2361 2365 2367 2374 2377 2384 2386 2396 2397 2398 2399 2400 2401 2402 2404 2405 2419 2423 2435 2451 2468 2473 2486 2491 2494 2520 2535 2542 2546 2577 2590 2591 2594 2595 2598 2600 2602 2612 2616 2654 2681 2707 2708 74 2360 2 9 11 25 50 66 70 77 87 92 95 96 110 131 158 163 165 170 181 186 192 198 205 207 219 231 232 268 278 286 298 299 301 307 315 317 328 333 335 357 374 384 388 397 417 427 430 438 439 446 457 483 494 499 504 526 545 554 571 575 577 587 594 599 604 606 618 694 696 697 715 732 734 738 747 816 819 828 837 842 850 852 870 880 902 936 963 964 967 986 1015 1016 1032 1043 1056 1067 1120 1140 1141 1144 1172 1175 1179 1186 1192 1198 1220 1240 1280 1289 1296 1310 1326 1337 1347 1348 1395 1417 1446 1447 1453 1455 1475 1489 1495 1506 1518 1523 1528 1530 1571 1581 1584 1603 1604 1619 1625 1629 1636 1645 1659 1663 1667 1671 1702 1714 1733 1739 1740 1742 1774 1782 1801 1808 1811 1821 1844 1848 1851 1852 1859 1865 1883 1890 1892 1895 1908 1910 1913 1921 1969 2011 2012 2013 2014 2015 2016 2017 2018 2022 2026 2035 2040 2041 2042 2045 2046 2052 2053 2055 2057 2060 2064 2065 2074 2078 2122 2124 2131 2134 2156 2173 2179 2183 2187 2190 2199 2200 2206 2207 2237 2239 2244 2254 2262 2277 2296 2302 2304 2326 2327 2339 2340 2341 2349 2366 2379 2380 2381 2382 2395 2413 2420 2431 2472 2478 2510 2533 2551 2556 2569 2583 2614 2621 2668 2669 2692 1359 2336 3 7 46 49 69 72 75 89 152 161 180 202 212 216 233 331 336 367 392 416 461 477 520 567 674 682 719 744 746 793 900 969 1024 1096 1108 1119 1128 1150 1167 1435 1454 1559 1575 1678 1698 1705 1710 1789 1790 1813 1860 1871 1874 1876 1877 1909 1926 1927 1988 1989 1990 1991 1992 1993 1994 1995 1996 1997 1998 1999 2000 2001 2002 2003 2004 2005 2006 2007 2008 2009 2010 1987 
1 634
1 1863
1 2583
14 1702
14 1811
15 2669
15 2035
15 159
15 2076
15 2078
18 25
23 1704
23 2239
23 40
23 1703
26 1302
26 1345
26 2012
28 2361
28 607
28 1811
30 964
31 1417
31 1359
33 1851
34 2122
34 2121
34 699
34 2120
34 2041
35 1359
37 1147
37 1553
37 2108
37 1506
37 2095
37 1641
37 1782
39 1161
39 863
39 430
39 864
40 2358
40 1523
44 153
44 2400
44 2401
44 964
53 1468
53 2183
53 1140
53 2054
53 2173
54 1104
54 1740
54 1359
56 1984
56 61
56 324
56 1157
56 816
56 788
56 652
56 2022
56 211
56 772
60 610
60 1359
60 1288
60 581
60 1726
61 1528
62 1417
62 1310
73 1359
73 1104
79 1330
79 1220
80 604
91 1359
91 157
91 156
101 1603
101 2057
102 282
102 1359
103 1449
103 1624
103 1872
103 1252
103 110
104 140
104 609
104 1776
104 307
104 1791
112 1170
112 1359
112 1763
112 759
113 1624
113 307
113 2081
113 488
119 843
119 1852
119 2011
119 555
119 582
119 455
119 1344
119 256
125 307
125 1368
127 237
127 307
127 2046
127 1552
127 1624
134 1624
134 400
134 1778
134 1785
134 453
134 1671
134 2046
139 237
139 307
139 1777
140 1624
140 2046
140 307
140 911
140 1781
142 1003
142 2035
143 2182
143 1629
143 526
143 457
144 1702
144 317
144 599
147 1469
147 1908
147 2060
147 898
149 715
150 1656
150 2026
150 1417
153 2241
153 2239
154 2046
154 460
154 1624
154 237
154 307
155 1239
155 1340
155 1445
155 1569
155 1359
155 1753
155 1754
155 365
155 820
155 1755
155 327
156 1737
156 1359
156 157
156 1764
157 1764
157 1359
159 2035
159 181
159 1702
160 181
160 2309
162 2011
162 843
166 1474
166 599
166 2708
166 2707
171 1359
174 688
174 1359
175 1743
175 1359
177 974
177 232
197 2123
197 430
204 1116
204 964
204 858
204 1870
204 855
206 1702
206 1870
211 1907
211 1908
211 1672
211 1615
217 1702
217 1543
225 1811
225 2035
227 1702
229 1872
229 1359
229 849
229 1722
230 1406
230 1895
230 2119
236 1702
237 307
237 2047
237 2079
237 1573
237 1073
237 2046
240 620
240 2183
240 1760
240 1910
240 888
240 2022
240 911
240 2419
245 1073
245 1359
247 1359
256 1267
256 1344
258 965
258 1389
258 2181
259 1095
259 964
262 1702
262 874
262 1480
262 1895
273 2013
277 2134
277 1696
277 1464
279 1186
281 2156
281 1536
282 1001
282 2245
282 1383
282 1348
282 747
282 2248
290 1723
290 1359
295 307
295 2048
303 1159
303 351
303 307
303 720
304 1671
304 720
306 1417
309 2046
309 351
309 1671
310 384
310 2269
310 2306
316 1603
316 2233
316 409
316 1922
316 424
318 1625
318 1786
319 2046
319 564
319 1702
324 499
325 828
327 1755
327 1359
330 1799
332 1528
334 1359
338 1359
338 1500
338 1777
342 2046
342 1359
342 614
342 1390
342 1547
344 1702
347 1359
347 1000
348 409
348 424
348 526
351 2085
351 1779
351 657
351 2086
351 1783
351 2091
351 1776
351 2090
351 1641
351 1624
352 1811
358 1155
358 1359
365 971
365 1359
365 820
365 1757
376 2402
376 2435
376 964
377 1584
378 734
378 1266
378 679
378 2292
383 1204
383 2035
385 1625
385 1624
395 578
395 2352
395 850
398 880
398 2330
398 666
400 2108
400 545
400 1770
402 734
402 1161
406 2060
408 410
408 1682
408 696
408 1683
409 1842
409 526
409 735
409 2057
410 2085
410 1625
410 1682
412 1489
412 1578
418 1872
418 1073
418 2035
424 526
431 2131
434 437
434 757
435 1118
435 2134
436 1913
436 487
436 734
437 886
437 1040
437 1980
437 1495
437 879
437 1983
437 499
437 1132
452 936
452 672
453 1624
455 1662
455 2190
455 582
455 974
460 1624
460 1682
467 1359
467 971
467 1306
467 1739
468 1702
468 1709
470 2305
470 2413
471 855
471 1116
471 858
471 1098
471 653
472 2014
472 2395
472 1014
481 688
481 2360
481 599
481 1711
482 1288
482 2292
482 824
482 1811
486 1043
486 2220
487 2669
487 2078
487 2668
488 2027
488 1773
488 656
488 1783
488 1774
488 1706
488 2081
488 1799
490 1359
491 1132
491 1310
491 1464
498 2420
502 1359
502 1766
505 2395
505 2397
509 2326
511 1014
511 1132
511 1172
512 1811
512 550
515 1883
517 1883
522 599
525 553
525 1170
525 1359
531 1014
531 2095
531 1506
532 2309
532 607
533 1702
533 1864
537 1895
540 2156
543 1624
543 1246
544 985
548 599
548 1702
549 810
549 844
549 2139
550 1498
550 1811
553 2202
553 1359
553 1170
564 2046
564 1702
564 1338
569 1811
572 697
572 1571
573 2419
573 2026
573 1417
578 2352
578 871
578 850
581 1743
581 745
581 1766
581 1759
581 1359
582 1624
590 1159
590 1625
598 1629
601 2395
605 1915
605 1352
605 1653
607 1667
607 2361
607 2231
609 1624
609 2081
610 1042
610 1359
614 1359
617 2366
617 1740
617 1359
625 1043
627 1359
628 2123
628 2239
628 2336
634 1867
634 1702
639 784
639 1774
646 1899
646 1359
646 1496
646 951
650 1172
652 1985
652 886
652 2025
652 1668
656 2081
657 2091
662 1883
662 936
662 1046
665 1702
666 2121
666 2123
667 1851
668 2365
668 2473
672 974
672 2026
675 1908
679 734
681 2200
685 1359
687 1359
687 2367
688 1722
688 1726
688 1547
688 1711
688 2360
688 1172
688 1359
690 1318
690 1359
690 1170
690 1293
690 1722
692 2035
692 2131
699 1016
700 1702
700 2046
707 964
707 806
707 2239
709 1359
709 837
717 1811
717 1822
718 1908
720 1624
720 1811
725 2396
725 1345
725 2395
730 1702
730 2535
735 752
735 2057
735 2198
735 965
735 2203
735 1389
735 737
735 1842
737 752
737 965
737 2203
737 1389
737 1842
737 2198
745 1359
745 1155
749 1551
749 1569
749 1170
749 1146
749 1359
749 1104
749 1733
750 2156
752 1205
752 2199
752 2203
755 1484
755 2451
755 1359
757 886
757 1693
757 2187
758 1359
758 1285
759 1763
759 1359
760 1704
761 986
764 1636
765 797
765 1359
767 1298
767 846
767 1869
768 874
768 1702
771 1895
771 2118
772 1157
774 1073
774 1506
776 2076
784 2377
784 1144
784 1062
785 1702
789 2034
789 2042
789 2206
789 1953
789 1032
791 1811
792 2131
792 2035
795 1161
795 864
796 1811
797 1318
797 1104
797 1359
798 1359
798 2360
806 964
806 2237
810 2229
810 1116
820 1359
824 1359
824 1170
824 2222
824 1766
832 1734
832 2094
832 1359
836 1122
836 1655
836 1811
843 2017
844 2340
848 2190
848 2423
849 986
853 1801
854 1763
854 1170
854 1359
855 1098
855 858
855 936
858 1098
859 2183
861 1759
861 1528
864 1161
869 1845
869 2277
871 2127
871 1120
874 1480
874 1359
874 1709
875 1702
877 1359
879 886
879 2327
883 1359
886 2025
886 1040
888 1624
888 1625
888 911
898 1984
898 2296
898 1157
898 1495
898 1908
898 1153
903 1285
903 1605
903 1359
911 1624
911 2086
913 2131
920 1359
921 1894
929 1327
929 2064
930 1359
949 1682
949 1396
949 1683
952 1359
958 1155
958 1758
958 1359
959 1799
959 1073
962 1729
962 2600
962 2556
965 966
965 2199
965 1389
966 2198
971 1359
971 2366
974 1143
974 2154
974 1584
974 2017
974 1073
979 1359
979 999
984 2131
985 1069
994 2156
995 1330
995 1220
996 2386
996 1913
996 1310
999 1104
999 2366
999 1285
1000 1359
1001 1326
1003 2035
1003 2034
1003 1953
1005 1811
1009 2060
1009 1923
1009 1417
1013 1683
1013 1798
1013 1682
1013 1337
1014 1584
1014 1730
1014 1844
1014 1842
1014 1294
1014 1849
1014 1645
1014 1845
1014 1851
1014 1848
1014 1626
1014 1662
1014 1847
1014 1852
1014 1121
1014 2046
1019 2379
1021 2668
1021 2076
1021 2078
1026 1043
1027 2035
1027 1304
1028 2395
1039 1359
1041 1318
1041 1766
1041 1170
1041 1359
1042 1244
1042 1359
1046 1774
1047 2337
1048 2334
1050 1895
1053 1702
1062 2377
1062 1197
1063 1811
1063 1193
1071 1073
1071 1359
1071 1726
1073 1799
1073 1798
1073 1484
1073 1801
1073 1734
1073 1785
1073 1741
1073 1805
1073 1806
1073 1802
1073 1506
1073 1726
1073 1800
1073 1359
1073 1803
1076 1702
1086 1422
1086 2395
1093 1172
1095 1444
1098 1870
1098 1116
1101 1702
1104 1359
1104 1887
1104 1749
1104 1285
1104 1761
1104 1481
1104 1719
1104 1124
1111 1121
1111 2026
1111 1225
1111 2296
1112 1274
1112 1120
1112 2127
1112 2126
1112 2130
1116 2277
1116 1530
1118 1629
1121 1584
1121 2026
1122 1811
1122 1132
1122 1656
1122 2137
1124 1359
1132 1216
1132 2156
1132 1910
1132 1656
1132 1225
1142 2295
1143 2327
1146 1170
1146 1359
1147 1506
1153 2156
1155 1715
1155 1743
1155 1716
1155 1359
1158 2241
1159 1636
1161 2269
1170 1738
1170 1721
1170 1715
1170 1732
1170 1720
1170 1359
1170 1735
1190 1359
1190 2360
1194 1706
1197 1368
1197 1625
1204 2156
1204 1216
1205 1603
1205 1839
1206 1762
1206 1359
1210 1738
1210 1359
1213 1702
1216 1895
1219 2117
1225 2154
1225 1584
1225 1849
1225 1733
1225 1852
1225 2156
1230 1359
1230 1385
1230 1750
1236 2127
1236 1463
1239 1359
1242 1702
1244 1359
1246 2081
1246 1771
1249 1652
1249 2046
1252 1449
1252 1624
1262 2131
1266 2292
1267 1985
1267 1530
1269 1930
1270 1631
1271 2035
1274 2127
1274 2130
1274 2125
1274 2035
1274 2126
1282 1359
1282 1749
1282 1747
1285 1605
1285 2451
1285 1359
1286 2183
1288 1359
1293 1318
1293 1359
1294 2419
1297 1913
1300 1702
1300 1811
1302 1543
1306 1359
1318 1720
1318 1740
1318 2222
1318 1721
1320 2035
1324 1702
1327 2064
1332 1811
1332 1577
1335 1702
1335 1543
1335 1578
1338 2046
1338 1702
1339 2386
1339 1913
1340 1754
1340 1359
1349 1811
1352 1536
1358 2026
1366 1703
1366 1704
1366 2520
1366 2510
1368 1779
1368 1657
1368 1585
1368 2081
1386 2336
1389 2182
1389 2198
1390 2598
1396 2073
1396 2190
1397 1400
1397 2395
1397 1422
1397 2229
1397 2396
1400 2395
1406 1509
1406 1895
1418 2351
1418 1704
1418 1530
1418 1453
1421 2397
1421 1422
1421 2395
1422 2395
1426 1619
1436 2072
1436 2060
1441 1702
1444 2241
1444 2400
1449 2035
1449 2046
1461 2359
1461 2350
1463 1664
1464 1696
1464 2134
1464 2132
1466 1800
1466 1489
1468 2173
1472 1647
1474 2707
1474 2708
1480 1895
1480 1702
1482 2336
1482 1670
1484 1727
1484 1744
1484 1621
1484 1736
1488 2018
1488 2138
1491 2086
1493 1766
1498 2035
1499 2026
1499 2591
1499 2350
1500 1777
1504 2242
1504 2244
1509 2118
1509 1895
1516 2183
1520 2109
1520 2336
1532 1890
1536 2156
1536 2294
1541 2055
1541 1629
1543 1578
1547 1805
1553 1779
1563 1766
1566 2366
1567 1733
1567 2072
1569 1730
1573 1777
1577 1811
1582 1811
1582 1820
1585 1799
1610 1913
1610 1791
1610 1792
1615 1672
1615 2035
1621 2451
1624 1772
1624 1769
1624 1774
1624 1777
1624 1776
1624 1771
1624 1773
1624 1778
1624 1779
1624 1781
1624 1783
1624 1782
1624 1785
1624 1780
1624 1770
1626 1730
1637 1702
1637 2142
1637 2140
1652 2046
1653 1849
1655 1953
1655 2035
1656 2137
1656 1895
1656 2296
1657 1799
1662 1852
1666 2035
1666 1702
1670 1893
1672 1930
1672 1969
1672 2137
1672 2138
1681 2057
1681 2577
1682 2320
1683 2320
1683 2292
1683 2190
1693 2303
1693 2349
1693 2350
1693 2187
1693 2348
1696 2134
1697 1714
1703 2239
1703 1704
1703 1967
1704 1970
1704 1969
1704 1907
1704 1967
1704 2239
1709 1858
1712 1732
1712 1766
1712 1731
1713 1726
1715 1728
1718 1732
1720 1766
1721 1766
1722 1762
1724 1725
1726 1735
1726 1741
1726 2598
1726 1746
1729 2600
1729 2556
1732 1756
1735 2598
1736 1777
1737 1764
1741 1805
1743 2308
1743 1759
1743 1750
1744 2451
1745 1766
1751 1767
1751 1766
1753 1755
1756 1766
1769 2326
1771 2081
1772 1779
1773 1783
1773 2046
1777 2046
1777 2079
1783 2327
1783 1799
1785 2046
1788 2046
1788 1811
1792 2046
1798 2089
1802 2204
1807 1810
1809 1811
1810 1811
1812 1823
1819 2306
1831 2046
1839 2183
1839 2220
1842 2057
1845 2277
1847 2118
1847 1868
1847 2358
1849 2420
1849 1910
1853 2046
1857 2046
1863 2583
1868 2118
1891 2131
1907 2060
1907 1908
1915 1921
1930 2035
1952 1953
1952 2207
1953 2206
1953 2207
1970 2239
1970 2237
1980 2179
1984 2035
2025 2179
2027 2046
2028 2361
2047 2049
2056 2199
2073 2183
2075 2182
2076 2669
2076 2668
2076 2077
2076 2092
2076 2078
2077 2668
2077 2078
2086 2090
2087 2095
2096 2330
2103 2386
2104 2386
2115 2510
2115 2520
2118 2119
2123 2124
2125 2126
2125 2127
2125 2128
2126 2127
2128 2131
2129 2130
2132 2134
2132 2183
2140 2142
2154 2156
2181 2184
2181 2183
2182 2203
2182 2198
2229 2395
2229 2396
2234 2292
2238 2239
2241 2400
2246 2247
2247 2248
2248 2510
2260 2336
2264 2491
2269 2292
2305 2386
2312 2577
2350 2359
2356 2358
2399 2494
2400 2435
2402 2435
2595 2681
2707 2708
74 1724
74 1746
74 1752
74 877
74 1190
74 798
74 1359
2 653
2 655
2 3
9 270
9 1997
9 282
11 477
11 2546
25 1637
25 2140
25 202
25 2142
25 599
25 1702
50 2035
50 1667
66 2419
66 544
66 2420
66 1629
66 772
66 1157
66 2022
66 240
66 1294
66 620
70 1921
70 1927
70 2190
70 1014
70 1915
70 1352
70 605
77 2019
77 2179
77 89
87 2035
87 430
87 2296
87 1337
92 2123
92 331
92 2002
92 2381
92 1047
92 2124
95 1650
95 1967
95 2358
95 734
95 2264
95 935
95 676
95 2356
95 196
95 2491
95 587
96 1629
96 2184
96 2075
96 735
96 2055
96 2201
96 1839
96 694
96 457
96 1581
96 2183
96 2200
96 2182
96 737
96 1304
96 862
96 335
96 1536
96 2202
96 1603
96 2198
110 1338
110 154
110 1046
110 1786
110 1773
110 1625
110 1662
110 2094
110 319
110 134
110 2095
110 2093
110 1770
110 290
110 125
110 1790
110 1780
110 520
110 1999
110 1806
110 427
110 2096
110 564
110 1788
110 611
110 1347
110 237
110 177
110 460
110 307
110 2046
131 2018
131 1983
158 1871
158 2494
158 1702
158 599
163 324
163 1668
163 1269
163 1175
165 212
165 211
170 1995
170 2707
181 2038
181 1021
181 791
181 776
181 792
181 2077
181 2005
181 1808
186 2004
186 298
192 1792
192 609
192 1999
192 2386
192 1678
192 383
198 232
198 2413
205 416
207 2692
219 1349
219 1383
219 483
219 734
219 2077
219 2120
219 1021
219 2092
219 782
219 2595
219 793
231 1811
231 1218
231 1096
231 550
231 578
232 388
232 1702
232 552
232 2218
232 1869
232 233
268 2374
268 671
268 2001
278 697
278 974
278 554
278 1870
286 2000
286 503
298 1543
298 599
298 900
299 1326
299 608
299 1096
301 416
301 635
307 1194
307 720
307 1652
307 1573
307 2047
307 309
307 1772
307 2088
307 1585
307 959
307 1798
307 1552
307 1641
307 1799
307 1246
307 2085
307 1771
307 2087
307 574
307 656
307 543
307 1491
307 2079
307 657
307 1368
307 1073
307 520
307 1010
307 1484
307 1800
307 2046
307 2086
307 427
307 1788
307 1159
307 974
307 1657
307 1805
307 1252
307 555
307 1803
307 582
307 477
307 1706
307 418
307 1780
307 911
307 2091
307 2049
307 1783
307 1857
307 1782
307 1347
307 1806
307 1776
307 2092
307 2090
307 488
307 330
307 2081
307 453
307 888
307 1046
307 351
307 1773
307 2089
307 609
315 2001
315 1624
317 2005
317 1869
317 1298
317 846
317 599
317 767
317 1074
317 921
317 1822
328 1326
328 1997
328 929
328 2065
328 2064
333 2004
333 2123
333 666
333 2616
335 694
335 1014
357 499
357 1260
357 2019
357 2117
374 1026
374 1043
384 734
384 1705
384 2269
388 520
388 2192
397 1989
397 1218
417 520
417 1702
427 1773
427 1790
427 1778
427 1806
427 488
427 1783
430 2042
430 2044
430 1670
430 1619
430 2002
430 795
430 2045
430 1494
430 706
430 864
430 524
430 1890
430 1808
438 951
438 499
438 1496
438 719
438 1986
439 1984
439 719
439 1986
439 1668
439 788
439 1985
446 1435
446 910
457 526
457 2200
457 545
457 2473
457 1581
457 2348
457 668
457 2055
483 1815
483 2308
483 1808
483 2309
483 1813
483 791
483 1811
483 2231
494 1245
494 1760
499 1653
504 1693
504 577
504 2002
526 2055
526 2182
526 1629
526 2173
526 2184
526 1541
526 2181
526 2058
526 2183
545 1581
545 2348
545 1770
545 2200
545 2053
554 2010
554 1996
554 1584
554 746
554 1128
571 2431
575 1693
575 577
575 2002
577 666
577 1811
577 2349
587 1225
587 2156
587 1219
594 1475
594 1116
599 2139
599 767
599 1108
599 1004
599 1300
599 1871
599 1824
599 1474
599 1865
599 846
599 1101
599 1574
599 1876
599 1298
599 2708
599 1302
599 969
599 1637
599 638
599 1822
599 870
604 1249
604 796
604 1874
604 2046
604 1822
604 717
606 1108
606 2535
618 2035
618 706
694 2109
694 764
694 1852
696 1683
696 1682
696 1791
696 949
696 2320
696 1999
696 1013
696 1337
697 1571
715 1386
732 2200
732 2204
732 1280
732 902
734 2302
734 1266
734 1063
734 2009
734 2305
734 2303
734 1193
734 1818
734 1295
734 1819
734 1683
734 795
734 2036
734 2304
734 863
734 2269
734 760
734 1330
734 2292
734 1161
734 2012
738 1631
738 1270
738 2137
738 2179
738 1975
747 2007
747 1304
816 1175
816 2019
816 2018
816 1345
819 2000
828 2000
828 1922
828 1040
837 2079
837 1014
837 1344
837 2404
837 1573
837 1132
842 2035
850 1994
850 2352
852 1310
852 2019
870 1702
870 1865
870 1441
880 1559
902 2200
902 2074
902 1043
902 1280
902 2187
936 1874
936 974
963 1809
963 1808
963 1810
963 1666
963 1807
963 1811
963 1063
964 2402
964 2241
964 2401
964 1704
964 1444
964 1095
964 1418
964 2435
964 1786
964 1158
964 2400
964 1142
986 1359
986 1074
986 1150
1015 1559
1016 1619
1016 1789
1016 2263
1016 1520
1016 1386
1016 1453
1016 1144
1016 1790
1016 2264
1016 1482
1016 1069
1016 1426
1032 1953
1043 1126
1043 2199
1043 2056
1043 1048
1043 1199
1043 1119
1043 2052
1043 2055
1043 2053
1043 2334
1043 1927
1043 1629
1043 1518
1043 1926
1043 2074
1043 1482
1056 1578
1067 1575
1120 2126
1120 1463
1120 2129
1120 2125
1120 2127
1120 1274
1120 2128
1120 2130
1120 1236
1120 1698
1120 1664
1140 1629
1140 2183
1140 2055
1144 2156
1144 2377
1144 1619
1144 2263
1172 1296
1172 1356
1172 1910
1172 1856
1172 2360
1175 1913
1175 2395
1179 2351
1179 1909
1179 1985
1179 1530
1186 1461
1186 1993
1186 2350
1186 2359
1186 2590
1186 2591
1192 1559
1192 2242
1192 2340
1198 1999
1198 1792
1240 2612
1240 2028
1280 2204
1280 2187
1289 1310
1296 1988
1310 1742
1310 1626
1310 2016
1310 2179
1310 1883
1310 1339
1310 2104
1310 2103
1310 1678
1326 2248
1326 2064
1337 2033
1337 2034
1337 1453
1337 2035
1337 1798
1347 1671
1348 1998
1395 2138
1417 1925
1417 1469
1417 1603
1417 1926
1417 1927
1417 1922
1417 1923
1417 1924
1446 1447
1475 2262
1475 2336
1475 1909
1489 2602
1506 1789
1506 2087
1506 1625
1506 1553
1506 2108
1506 1700
1506 1802
1523 2681
1523 1698
1528 2275
1528 1669
1528 2451
1530 1985
1530 1909
1530 2351
1581 2200
1581 1893
1581 2201
1584 1996
1584 2026
1603 2055
1603 2074
1603 2075
1603 2073
1619 1790
1625 1788
1625 1787
1625 1779
1625 1781
1625 1778
1625 1789
1625 1786
1625 1780
1625 1706
1629 2055
1629 2173
1629 2054
1629 2056
1629 2022
1629 2057
1629 2058
1629 1636
1636 2384
1659 2019
1663 2382
1663 2399
1663 1667
1667 2382
1702 1876
1702 1877
1702 1874
1702 1800
1702 1861
1702 1856
1702 1875
1702 1865
1702 1871
1702 1872
1702 1860
1702 1858
1702 1854
1702 1857
1702 1859
1702 1862
1702 1863
1702 1855
1702 1821
1702 1867
1702 1873
1702 1878
1702 1870
1702 1869
1702 1868
1702 1864
1702 1847
1702 1853
1702 1866
1714 1899
1739 2367
1739 2366
1740 1887
1740 1751
1740 2222
1740 1767
1742 2594
1774 1790
1774 1781
1782 1999
1782 2108
1808 2035
1811 1817
1811 1812
1811 1816
1811 1822
1811 1815
1811 1824
1811 1870
1811 1821
1811 1820
1811 1818
1811 1823
1811 1814
1811 1813
1811 1819
1821 1874
1852 2486
1890 1892
1890 1891
1890 1894
1890 2040
1890 2131
1890 1893
1890 2035
1892 2131
1892 2035
1895 2118
1895 2119
1895 2035
1910 2306
1913 2103
1913 2104
1913 2405
1921 1927
1921 2311
1921 2654
1921 2423
1969 2035
2011 2017
2016 2072
2017 2072
2018 2468
2022 2419
2026 2027
2026 2028
2026 2029
2035 2037
2035 2036
2035 2043
2035 2131
2035 2041
2035 2039
2035 2042
2035 2038
2035 2040
2040 2043
2041 2123
2041 2121
2046 2048
2046 2049
2046 2047
2052 2365
2055 2134
2057 2312
2057 2577
2122 2123
2124 2381
2131 2250
2134 2183
2156 2296
2156 2294
2156 2295
2173 2183
2183 2232
2183 2199
2183 2233
2183 2234
2187 2200
2200 2201
2200 2202
2237 2238
2239 2240
2239 2241
2244 2246
2244 2245
2244 2247
2304 2542
2339 2556
2340 2341
2395 2397
2395 2398
2395 2396
2472 2494
2510 2520
2556 2600
2668 2669
1359 1766
1359 1712
1359 1744
1359 1724
1359 1739
1359 1600
1359 1767
1359 1761
1359 1605
1359 1732
1359 1755
1359 1730
1359 1563
1359 1493
1359 1647
1359 1551
1359 1718
1359 1709
1359 2598
1359 1763
1359 1710
1359 1743
1359 1738
1359 1741
1359 1747
1359 1757
1359 1484
1359 1760
1359 1751
1359 1481
1359 1748
1359 1472
1359 1750
1359 1711
1359 1500
1359 1445
1359 1765
1359 1731
1359 1740
1359 1745
1359 1713
1359 1714
1359 1547
1359 1715
1359 1716
1359 1717
1359 1719
1359 1722
1359 1385
1359 1517
1359 1720
1359 1566
1359 1733
1359 1721
1359 1621
1359 1723
1359 1725
1359 1726
1359 1390
1359 1727
1359 1728
1359 1729
1359 1734
1359 1735
1359 1736
1359 1569
1359 1737
1359 1742
1359 1746
1359 1749
1359 1752
1359 1753
1359 1754
1359 1756
1359 1758
1359 1759
1359 1762
1359 1764
2336 2337
3 1987
3 1455
3 1667
3 333
7 1043
7 1603
7 374
7 1417
46 734
46 1987
46 2304
46 2668
46 2669
46 1220
49 1032
49 599
49 2206
49 1663
49 2207
49 2042
49 715
49 1667
49 2472
69 1987
69 392
69 1359
72 1987
72 207
72 2692
75 2420
75 1417
75 1043
75 1518
75 587
75 545
75 2053
75 1119
75 2156
89 1883
89 2179
89 697
89 1659
89 1733
89 1289
89 1395
89 2013
89 163
89 1495
89 1310
89 499
89 2016
89 2012
89 1714
89 2014
89 1742
89 2011
89 1678
89 301
89 2018
89 131
89 816
89 2017
89 2395
89 1528
89 1848
89 738
89 416
89 1909
89 852
89 1175
89 842
89 2015
89 744
152 1987
152 2239
152 2237
152 2336
161 2010
161 554
161 746
161 1987
161 2001
161 278
161 744
180 232
180 198
180 1987
202 2431
202 599
202 298
202 571
202 1987
202 1702
212 1909
212 1910
212 1395
212 357
216 2046
216 1702
216 1987
233 1702
233 1987
233 1865
233 870
331 2124
331 1506
336 1987
336 1702
367 746
367 1987
367 554
367 1584
392 1987
392 494
392 2366
416 819
416 967
416 738
416 1848
416 1678
416 1528
416 2179
416 594
416 526
416 2183
416 1909
416 1310
416 1851
416 852
416 1175
416 1645
416 2015
416 1844
461 1990
461 2533
461 1987
477 1987
477 1801
477 1141
520 599
520 837
520 1347
520 2046
520 1987
520 1671
520 1999
520 1575
567 1987
567 1908
674 1987
674 1908
682 1987
682 1172
682 1447
682 1446
719 2262
719 1417
719 2060
744 1987
744 746
744 1571
744 1240
746 1996
746 1128
746 2010
746 1987
793 2556
793 1987
793 1489
793 1559
900 1859
900 1056
900 1987
969 1604
969 1987
1024 1702
1024 2569
1024 1987
1096 1987
1096 1811
1096 2614
1096 1326
1108 2380
1108 1811
1108 2244
1119 2156
1119 1417
1128 1987
1128 1584
1150 1987
1150 1895
1150 1359
1167 1987
1167 2583
1435 1987
1454 1987
1454 1702
1559 2339
1559 2340
1559 1987
1559 2341
1575 1987
1678 1909
1698 2254
1698 1987
1705 1913
1705 1987
1705 2078
1710 1987
1710 2366
1710 1740
1710 1739
1813 1987
1813 2551
1813 2035
1860 1987
1871 1987
1874 1987
1876 1987
1877 1987
1926 2621
1927 2053
1927 2190
1927 2052
1988 2005
1988 2510
1992 2326
1997 2065
1997 2064
1998 2413
1999 2327
2002 2004
2002 2045
2002 2336
2002 2122
2002 2003
2002 2381
2002 2382
2002 2380
2002 2349
2002 2124
2002 2379
2003 2380
2004 2124
2007 2478
2009 2302
2010 2026
1987 1988
1987 1997
1987 1996
1987 2010
1987 2006
1987 1989
1987 1990
1987 1991
1987 1993
1987 1994
1987 1998
1987 1999
1987 2005
1987 1992
1987 2009
1987 2004
1987 2003
1987 2001
1987 2000
1987 2007
1987 1995
1987 2002
1987 2008
