k : 2
Overall running time: 5.518s.
diameter : 9



ans.V.size: 
382 31 35 37 51 54 60 69 73 74 77 91 98 102 110 112 113 119 126 131 133 155 156 157 163 171 174 175 229 242 245 247 265 266 290 301 307 327 334 338 342 347 358 365 372 389 390 416 438 449 452 467 469 480 488 490 499 502 506 525 531 541 553 581 582 609 610 614 617 627 644 649 656 677 685 687 688 690 695 697 702 709 710 721 726 736 738 740 744 745 749 751 754 755 758 759 765 794 797 798 802 808 816 820 824 831 832 841 842 845 852 854 855 874 877 883 892 896 903 905 920 930 936 941 951 952 958 971 974 979 980 986 990 1000 1023 1029 1039 1041 1042 1046 1061 1071 1073 1104 1123 1124 1146 1150 1155 1170 1175 1180 1190 1206 1210 1227 1230 1238 1239 1244 1246 1268 1270 1278 1282 1285 1288 1289 1293 1297 1306 1310 1313 1340 1354 1356 1361 1368 1385 1390 1395 1409 1436 1445 1460 1471 1472 1481 1484 1493 1495 1496 1500 1517 1528 1547 1551 1556 1563 1566 1567 1569 1593 1600 1605 1620 1621 1631 1647 1659 1662 1678 1697 1701 1708 1709 1710 1711 1712 1713 1715 1716 1717 1718 1719 1720 1721 1722 1723 1724 1725 1726 1727 1728 1729 1730 1731 1732 1733 1734 1735 1736 1737 1738 1739 1740 1741 1742 1743 1744 1745 1746 1747 1748 1749 1750 1751 1752 1753 1754 1755 1756 1757 1758 1759 1760 1761 1762 1763 1764 1765 1766 1767 1771 1825 1827 1841 1848 1879 1880 1882 1883 1884 1885 1886 1896 1898 1899 1901 1905 1909 1914 1918 1954 1961 1962 1963 2011 2012 2013 2014 2015 2016 2017 2018 2023 2026 2087 2107 2179 2180 2189 2190 2191 2236 2242 2270 2272 2273 2274 2275 2324 2395 2498 2511 2517 2593 2598 2622 2631 71 89 130 194 345 380 441 459 574 591 646 647 662 672 704 756 1129 1169 1277 1312 1314 1359 1442 1479 1550 1714 1830 1881 1900 1903 1904 1956 1957 1958 1959 2072 2081 2095 2185 2276 2285 2286 2287 2408 2492 455 1960 120 442 1456 1902 1955 1538 
31 1359
35 1359
37 2107
37 2095
51 1442
54 1104
54 1740
54 1359
60 610
60 1359
60 1288
60 581
60 1726
69 1359
73 1359
73 1104
74 1724
74 1746
74 1752
74 877
74 1190
74 798
74 1359
77 89
77 2179
91 1359
91 157
91 156
98 662
98 1354
102 1359
110 307
110 1662
110 290
110 1046
110 2095
112 1170
112 1359
112 1763
112 759
113 307
113 2081
113 488
119 582
119 455
119 2011
119 389
126 459
131 2018
133 905
133 380
133 1960
133 480
133 1023
155 1239
155 1569
155 1359
155 1340
155 1445
155 1753
155 1754
155 365
155 820
155 1755
155 327
156 1737
156 1359
156 157
156 1764
157 1764
157 1359
163 1175
171 1359
174 688
174 1359
175 1743
175 1359
229 1359
229 1722
242 1442
245 1359
245 1073
247 1359
265 1827
265 845
265 1903
266 1442
290 1359
290 1723
301 416
307 1771
307 2087
307 574
307 609
307 1368
307 1073
307 656
307 2081
307 488
307 1046
307 974
307 1484
307 1246
307 582
327 1755
327 1359
334 1359
338 1359
338 1500
342 1359
342 614
342 1390
342 1547
347 1359
347 1000
358 1155
358 1359
365 971
365 1359
365 820
365 1757
372 721
372 1442
389 2498
389 1900
390 1744
390 1484
416 1310
416 1909
416 2015
416 1175
416 852
416 738
416 2179
416 1528
416 1848
416 1678
438 1496
438 951
438 499
449 1825
449 1827
449 1903
452 936
452 2286
452 672
467 1359
467 971
467 1306
467 1739
469 1312
469 1314
480 1881
488 2081
488 656
490 1359
502 1359
502 1766
506 574
525 980
525 553
525 1170
525 1359
531 2095
541 1442
553 1170
553 1359
581 1743
581 745
581 1766
581 1759
581 1359
609 2081
610 1042
610 1359
614 1359
617 1359
617 1740
627 1359
644 2408
649 1442
656 2081
677 1956
677 2236
685 1359
687 1359
688 1722
688 1547
688 1359
688 1711
688 1726
690 1359
690 1170
690 1293
690 1722
695 1479
695 2517
702 736
702 740
709 1359
710 1904
721 1442
726 2072
736 740
736 1959
736 1882
736 1238
738 2179
738 1631
738 1270
740 1238
740 1959
740 1882
745 1359
745 1155
749 1569
749 1170
749 1146
749 1551
749 1104
749 1359
749 1733
751 1442
754 1881
754 1270
755 1359
755 1484
758 1359
758 1285
759 1763
759 1359
765 797
765 1359
794 1903
794 2593
794 1904
797 1104
797 1359
798 1359
802 2517
802 1471
802 1962
808 1956
808 1227
808 1957
816 2018
816 1175
820 1359
824 1766
824 1359
824 1170
832 1359
832 1734
841 1904
845 1903
852 1310
854 1763
854 1170
854 1359
855 1885
855 936
874 1359
874 1709
877 1359
883 1359
896 1297
896 1914
903 1285
903 1605
903 1359
905 1361
905 1313
905 1960
920 1359
930 1359
936 974
941 1830
952 1359
958 1155
958 1758
958 1359
971 1359
974 1073
974 2017
979 1359
980 1958
986 1359
986 1150
990 2286
1000 1359
1023 1169
1023 1963
1023 1277
1023 1962
1039 1359
1041 1766
1041 1170
1041 1359
1042 1244
1042 1359
1061 1442
1071 1830
1071 1073
1071 1471
1071 1359
1071 1726
1073 1359
1073 1741
1073 1734
1073 1479
1073 1726
1073 1484
1104 1359
1104 1749
1104 1285
1104 1761
1104 1481
1104 1719
1104 1124
1124 1359
1146 1170
1146 1359
1150 1359
1155 1715
1155 1743
1155 1716
1155 1359
1170 1738
1170 1721
1170 1715
1170 1732
1170 1720
1170 1359
1170 1735
1175 2395
1180 1956
1190 1359
1206 1762
1206 1359
1210 1738
1210 1359
1227 1957
1227 1956
1230 1359
1230 1385
1230 1750
1238 1959
1239 1359
1244 1359
1246 2081
1246 1771
1268 1825
1270 1631
1270 1881
1282 1359
1282 1749
1282 1747
1285 1359
1285 1605
1288 1359
1289 1310
1293 1359
1297 1914
1306 1359
1310 2016
1310 1883
1310 1678
1310 2179
1310 1742
1313 1314
1340 1754
1340 1359
1356 1958
1361 1903
1361 2492
1361 1961
1361 1905
1368 2081
1390 2598
1409 1830
1409 1827
1436 2072
1445 2324
1460 2081
1471 1954
1471 1556
1471 1825
1472 1647
1484 1621
1484 1736
1484 1744
1484 1727
1493 1766
1528 2275
1556 1954
1563 1766
1567 1733
1567 1896
1567 2072
1569 1730
1593 2072
1620 2270
1678 1909
1697 1714
1710 1740
1710 1739
1712 1732
1712 1766
1712 1731
1713 1726
1715 1728
1718 1732
1720 1766
1721 1766
1722 1762
1724 1725
1726 2598
1726 1741
1726 1735
1726 1746
1732 1756
1735 2598
1737 1764
1740 1751
1740 1767
1743 1759
1743 1750
1745 1766
1751 1767
1751 1766
1753 1755
1756 1766
1771 2081
1825 1827
1827 1830
1841 2072
1882 1959
1885 1959
1885 1886
1898 1904
1905 1961
1961 2492
2011 2017
2016 2072
2017 2072
2023 2191
2087 2095
71 442
71 2185
89 852
89 1883
89 2179
89 697
89 1659
89 1289
89 1733
89 1395
89 1714
89 2014
89 2013
89 163
89 1495
89 1310
89 2017
89 2011
89 1678
89 1742
89 1528
89 2395
89 301
89 131
89 2018
89 816
89 1848
89 738
89 416
89 1909
89 1175
89 842
89 2015
89 744
89 2012
89 499
89 2016
130 442
130 702
194 442
194 459
345 662
345 442
345 855
345 390
345 2324
380 1023
380 1960
380 905
380 1899
441 1297
441 442
441 2180
441 1914
441 896
441 726
459 1123
459 1277
459 1556
459 1954
574 644
574 2408
574 1314
591 1442
591 1955
646 1359
646 951
646 1899
646 1900
646 892
646 1827
646 1496
646 1902
646 1825
646 1896
646 1901
646 1268
662 1879
662 1029
662 808
662 1046
662 1354
662 1881
662 1883
662 936
662 1884
662 1886
662 1882
662 1880
662 831
662 1885
672 974
672 2026
704 1962
704 802
704 2498
756 1899
756 1278
756 2072
1129 1955
1129 2276
1129 1442
1169 1956
1277 1963
1312 2081
1312 1313
1312 1314
1314 2408
1359 1766
1359 1757
1359 1484
1359 1605
1359 1748
1359 1712
1359 1732
1359 1730
1359 1563
1359 1741
1359 1747
1359 1744
1359 1724
1359 1739
1359 1600
1359 1767
1359 1761
1359 1647
1359 1472
1359 1551
1359 1718
1359 1709
1359 1711
1359 2598
1359 1763
1359 1710
1359 1743
1359 1738
1359 1445
1359 1760
1359 1751
1359 1481
1359 1765
1359 1755
1359 1493
1359 1750
1359 1500
1359 1731
1359 1740
1359 1745
1359 1713
1359 1714
1359 1547
1359 1715
1359 1716
1359 1717
1359 1719
1359 1722
1359 1385
1359 1517
1359 1720
1359 1566
1359 1733
1359 1721
1359 1621
1359 1723
1359 1725
1359 1726
1359 1390
1359 1727
1359 1728
1359 1729
1359 1734
1359 1735
1359 1736
1359 1569
1359 1737
1359 1742
1359 1746
1359 1749
1359 1752
1359 1753
1359 1754
1359 1756
1359 1758
1359 1759
1359 1762
1359 1764
1442 1708
1442 1620
1442 2273
1442 2276
1442 2272
1442 1955
1442 2274
1442 1959
1442 1958
1442 1701
1442 2275
1479 1903
1550 1902
1550 2287
1714 1899
1830 1903
1900 1903
1900 2511
1900 2492
1903 1904
1903 1905
1904 1961
1904 2593
1904 2270
1956 1957
1956 2236
1958 2242
1958 2631
2095 2107
2285 2286
2286 2287
455 2190
455 1918
455 1442
455 2189
455 1662
455 2191
455 582
455 2023
455 974
1960 2622
120 647
120 1550
120 1960
120 380
120 1538
120 1902
442 1456
442 2095
442 2185
442 672
442 455
442 1538
1456 1538
1902 1955
1902 2287
1902 2285
1955 1957
1955 2276
1955 1958
1955 1959
1955 1956
