k : 2
Overall running time: 6.043s.
diameter : 9



ans.V.size: 
1018 7 12 14 15 21 22 28 30 31 33 35 37 42 44 46 50 53 54 60 61 66 73 74 77 87 88 91 92 94 95 96 102 103 104 111 112 113 122 125 127 131 137 139 140 142 143 147 148 150 154 155 156 157 159 161 163 165 171 174 175 176 182 190 191 204 205 211 219 221 225 229 231 232 237 247 250 256 259 269 271 272 275 280 281 286 295 300 301 303 306 309 313 315 319 324 325 326 327 330 334 335 338 343 347 348 351 352 357 358 360 365 376 378 383 384 385 388 389 390 392 402 408 409 415 417 418 424 425 427 430 434 435 436 439 442 447 452 453 457 460 467 472 477 479 481 482 483 488 490 494 502 503 504 505 507 512 515 517 518 519 525 531 540 541 543 550 553 555 556 557 558 563 564 566 567 569 573 574 575 576 577 579 581 590 594 597 599 609 610 611 614 617 618 620 622 627 629 646 651 652 656 657 658 661 662 667 669 673 674 679 682 685 687 688 690 692 694 696 697 698 699 705 707 709 717 719 720 726 729 738 739 742 743 744 745 746 748 750 753 758 759 760 764 765 769 772 774 778 788 791 792 795 796 797 798 806 809 815 816 819 820 824 828 836 842 843 848 854 855 859 861 863 866 874 877 879 883 886 888 892 903 906 909 911 912 916 920 925 926 930 946 949 951 952 956 958 959 963 967 970 971 979 981 986 989 993 994 1000 1003 1005 1009 1010 1012 1013 1027 1030 1036 1039 1040 1041 1042 1052 1062 1063 1069 1070 1075 1078 1086 1089 1095 1096 1104 1108 1119 1124 1140 1142 1144 1145 1146 1153 1155 1157 1158 1161 1164 1168 1170 1172 1175 1179 1190 1193 1194 1196 1197 1200 1204 1206 1210 1221 1230 1239 1240 1244 1246 1250 1252 1259 1263 1266 1267 1269 1271 1274 1275 1282 1283 1285 1286 1288 1293 1294 1295 1300 1306 1320 1330 1332 1333 1338 1340 1344 1345 1347 1349 1358 1360 1368 1369 1373 1375 1377 1378 1383 1385 1386 1390 1395 1396 1397 1404 1411 1413 1418 1421 1426 1428 1436 1442 1444 1445 1449 1453 1465 1469 1471 1472 1479 1481 1482 1483 1486 1488 1491 1493 1496 1498 1499 1500 1502 1506 1508 1516 1517 1520 1522 1528 1530 1540 1541 1551 1552 1553 1558 1561 1562 1563 1566 1569 1575 1577 1581 1582 1585 1600 1603 1605 1611 1615 1618 1623 1625 1628 1629 1639 1641 1645 1647 1652 1655 1657 1659 1666 1671 1672 1675 1676 1683 1684 1686 1691 1697 1704 1706 1709 1711 1712 1713 1715 1716 1717 1718 1719 1720 1721 1722 1724 1725 1728 1729 1731 1732 1735 1737 1738 1739 1740 1743 1745 1746 1747 1748 1749 1750 1751 1752 1753 1754 1755 1756 1757 1758 1759 1760 1761 1762 1763 1764 1765 1766 1767 1768 1769 1771 1772 1773 1774 1775 1776 1777 1778 1779 1780 1781 1782 1783 1784 1785 1786 1788 1792 1793 1798 1799 1800 1801 1802 1803 1804 1805 1806 1808 1809 1810 1812 1813 1814 1815 1816 1817 1818 1819 1820 1821 1822 1823 1824 1830 1839 1840 1841 1842 1844 1845 1846 1847 1848 1851 1857 1870 1872 1874 1890 1892 1895 1896 1899 1906 1907 1908 1909 1912 1913 1916 1918 1919 1922 1923 1924 1925 1926 1928 1929 1930 1969 1973 1975 1977 1981 1984 1985 1986 1987 1999 2003 2004 2009 2011 2012 2013 2014 2015 2018 2019 2021 2022 2023 2024 2028 2029 2031 2033 2034 2036 2037 2038 2039 2040 2041 2042 2043 2045 2046 2047 2049 2051 2052 2053 2055 2058 2070 2071 2072 2073 2081 2083 2084 2085 2086 2087 2088 2089 2090 2091 2092 2093 2094 2095 2096 2097 2101 2111 2112 2113 2117 2122 2124 2131 2133 2164 2165 2166 2167 2169 2170 2173 2178 2181 2182 2184 2189 2191 2195 2196 2199 2200 2209 2218 2232 2233 2234 2237 2239 2241 2252 2253 2262 2263 2264 2269 2277 2288 2292 2295 2296 2302 2303 2304 2305 2306 2320 2325 2327 2335 2336 2345 2348 2349 2366 2377 2379 2380 2381 2382 2383 2384 2385 2388 2389 2390 2391 2392 2393 2395 2400 2401 2402 2404 2408 2414 2419 2420 2424 2427 2435 2451 2452 2529 2554 2557 2559 2594 2597 2598 2639 75 831 1043 1046 56 57 69 89 110 116 119 121 134 152 177 192 212 240 243 245 253 263 277 278 290 307 342 367 377 400 413 416 437 438 448 455 484 497 499 511 520 526 545 554 582 587 605 631 639 644 645 672 703 712 734 749 755 784 817 823 827 832 837 839 852 869 881 894 898 908 964 996 1014 1016 1071 1073 1080 1081 1090 1111 1121 1122 1128 1134 1143 1150 1159 1216 1219 1223 1289 1292 1334 1337 1339 1342 1352 1359 1363 1371 1403 1422 1464 1475 1484 1495 1501 1536 1539 1547 1567 1573 1588 1593 1617 1619 1621 1624 1626 1636 1638 1653 1656 1661 1662 1668 1677 1678 1696 1710 1714 1723 1726 1727 1730 1734 1736 1741 1742 1744 1789 1790 1811 1843 1849 1850 1852 1910 1915 1927 1931 1974 1976 1978 1979 1980 1982 1983 1996 2000 2002 2010 2016 2017 2020 2025 2026 2027 2035 2079 2100 2102 2103 2104 2106 2108 2110 2114 2132 2134 2135 2136 2137 2152 2153 2155 2157 2163 2179 2183 2186 2190 2275 2281 2282 2283 2284 2294 2311 2313 2386 2406 2423 2426 2486 2654 936 1417 1880 1883 2156 62 70 491 683 779 780 922 974 1132 1225 1310 1526 1527 1584 1733 1770 1917 1920 1921 2154 
7 1417
7 1603
7 1043
12 1656
12 1840
14 1811
15 159
15 2035
21 1073
22 2311
28 1811
30 964
31 1359
31 1417
31 2163
31 739
31 698
33 280
33 1974
33 1851
33 519
35 1359
37 1782
37 2095
37 1641
37 1506
37 2108
37 1553
42 645
42 176
42 597
42 1915
44 2400
44 2401
44 964
46 2304
46 734
46 1987
50 2035
53 2173
53 2183
53 1140
54 1104
54 1740
54 1359
60 610
60 1359
60 1288
60 581
60 1628
60 1726
61 1528
66 1294
66 240
66 620
66 772
66 1157
66 2022
66 1629
66 2420
66 2419
73 1359
73 1104
74 1724
74 1746
74 1752
74 877
74 1190
74 1359
74 1036
74 798
77 2019
77 2179
77 89
87 1337
87 2296
87 430
87 2035
88 2165
88 843
91 1359
91 157
91 156
92 2002
92 2124
92 2381
94 1496
94 951
94 2152
95 2264
95 587
95 734
96 335
96 1839
96 1581
96 2184
96 1603
96 1629
96 694
96 2183
96 2200
96 457
96 2055
96 1536
96 2182
102 1359
103 1252
103 110
103 1624
103 1449
103 1562
103 1872
104 140
104 609
104 1776
104 307
111 1600
111 1263
112 1170
112 1359
112 1763
112 759
113 1624
113 307
113 2081
113 488
122 2252
122 590
122 981
122 2253
122 1159
125 307
125 1623
125 1368
127 1624
127 307
127 237
127 1552
127 2046
131 2018
131 1983
137 832
139 237
139 1777
139 307
140 661
140 1781
140 911
140 1624
140 307
140 2046
142 1003
142 2035
143 457
143 526
143 1629
143 2182
147 1928
147 1469
147 1908
147 898
148 1977
148 1520
150 1656
150 2026
150 1417
150 1081
154 307
154 237
154 460
154 2046
154 1624
155 1239
155 1340
155 1445
155 1569
155 1359
155 1753
155 1754
155 365
155 820
155 1755
155 327
156 1737
156 1359
156 157
156 1764
157 1764
157 1359
159 2035
161 746
161 1987
161 744
161 2010
161 554
161 278
163 324
163 1668
163 1269
163 1175
165 211
165 212
171 1359
174 688
174 1359
175 1743
175 2335
175 1359
176 956
176 1915
176 2136
176 2389
176 597
176 2218
182 1465
182 1360
182 1684
182 1014
190 1263
190 1073
191 2136
204 964
204 855
204 1870
205 416
211 1615
211 1908
211 1672
211 1907
211 1906
211 1080
219 1383
219 1349
219 483
219 2092
219 734
221 377
225 2035
225 1811
229 1359
229 1722
229 1872
231 1811
231 1096
231 550
232 388
232 2218
237 2046
237 1073
237 2047
237 2079
237 1573
237 307
247 1359
250 1979
250 622
256 2113
256 1267
256 1344
259 1095
259 964
269 1741
269 2452
271 2281
271 839
271 1196
271 280
271 1216
272 639
272 2388
275 750
275 749
280 667
280 2345
280 2281
280 839
280 1196
280 2166
280 503
280 2424
281 2156
281 1536
286 2000
286 503
295 307
300 2384
300 2388
301 416
303 1159
303 351
303 307
303 720
306 1417
306 1928
309 2046
309 1671
309 351
313 1741
313 1723
313 1611
315 1624
319 564
319 2046
324 499
324 2021
324 2023
325 2157
325 2195
325 828
326 1849
326 788
327 1755
327 1359
330 1799
334 1359
335 1014
335 694
338 1777
338 1500
338 1359
343 1073
347 1359
347 1000
348 526
348 424
348 409
351 1641
351 1624
351 2085
351 1779
351 657
351 1783
351 2091
351 1776
351 2090
351 2086
352 1811
357 2019
357 2117
357 499
358 1359
358 1155
358 658
360 1484
360 1621
360 390
365 971
365 1359
365 820
365 1757
376 2402
376 2435
376 964
378 1266
378 734
378 2292
378 679
383 2035
383 1204
384 734
384 2269
385 1624
385 1625
388 520
390 1744
390 1078
390 906
390 1484
390 705
390 2451
392 1987
392 494
392 2366
402 734
402 1161
408 696
408 1683
409 526
409 1842
415 712
417 520
418 1872
418 2035
418 1073
424 526
425 1204
425 437
427 1806
427 1778
427 488
427 1783
427 1773
427 1790
430 2002
430 795
430 1808
430 1619
430 1890
430 2045
430 2042
434 437
435 2134
436 1913
436 734
439 1984
439 719
439 1986
439 1668
439 788
439 1985
442 672
442 455
442 2095
447 1508
452 672
452 936
453 1624
453 1259
457 526
457 2348
457 1581
457 545
457 2055
457 2200
460 1624
467 1359
467 971
467 1306
467 1739
472 2395
472 1014
472 2014
477 1801
477 1987
479 2025
479 1979
479 515
481 688
481 1711
481 599
482 824
482 1811
482 2292
482 1288
483 1815
483 1808
483 1811
483 1813
483 791
488 656
488 1773
488 2027
488 1783
488 2081
488 1799
488 1706
488 1774
490 2391
490 2392
490 1359
494 1760
502 1359
502 1766
503 1977
504 2002
504 577
505 2395
505 1974
507 1014
507 1919
507 1915
512 1811
512 550
515 1883
515 1979
517 1883
518 2106
519 667
519 2424
525 553
525 1170
525 1359
531 1014
531 1506
531 2095
540 712
540 1617
540 2156
541 1442
541 748
543 1624
543 1246
550 1498
550 1811
553 1359
553 1170
556 1464
557 1624
557 1806
558 1726
563 705
563 2451
563 1484
563 1736
564 1338
564 2046
566 1039
566 1611
566 1724
566 688
567 1987
567 1908
569 1811
573 2419
573 2026
573 1417
574 2408
574 644
575 2002
575 577
576 2284
577 1811
577 2349
579 1975
579 1880
581 1743
581 745
581 1766
581 1759
581 1359
590 1159
590 1625
590 981
594 1475
597 1915
597 993
597 645
599 1300
599 1824
599 1822
599 1108
609 1624
609 2081
610 1042
610 1359
611 827
611 2288
614 1359
617 2366
617 1740
617 1359
618 2035
622 1979
622 1333
622 2019
627 2557
627 2559
627 1359
629 1726
629 1170
629 1765
646 1899
646 1359
646 892
646 951
646 1896
646 1496
651 1558
651 1757
651 2084
651 1686
651 820
652 2024
652 2157
652 1985
652 886
652 1668
652 2025
656 2081
657 2091
658 1230
658 1741
658 1730
661 1624
662 1046
662 1883
662 936
662 831
662 1880
667 1974
667 1851
674 1987
674 1908
679 734
682 1987
682 1172
685 1359
685 1283
687 1359
688 1722
688 1711
688 1611
688 1172
688 1359
688 1726
688 1547
690 1359
690 1170
690 1293
690 1722
692 2035
692 2131
694 1852
694 764
696 2320
696 949
696 1013
696 1999
696 1337
696 1683
698 1081
699 1016
705 1744
705 2451
705 1484
705 2114
705 1413
705 970
707 964
707 806
707 2239
709 837
709 1359
717 1811
717 1822
719 1417
719 2262
720 1624
720 1811
726 1653
726 2072
729 2389
729 1071
729 2554
738 1975
738 2137
738 2179
739 2163
739 1081
739 1928
742 1283
742 2094
742 832
742 1012
742 1089
743 1744
743 1621
743 1484
744 1987
744 1240
744 746
745 1359
745 1155
746 1996
746 2010
746 1128
746 1987
748 1539
750 1334
750 2156
753 2452
753 958
753 2084
758 1285
758 1359
759 1763
759 1359
760 1704
764 1636
765 797
765 1359
769 1724
769 1725
769 1567
772 1081
772 1157
774 1073
774 1506
791 1811
792 2035
792 2131
795 1161
796 1811
797 1104
797 1359
798 1359
806 2237
806 964
809 2384
809 1786
809 925
815 2383
815 894
815 1159
815 2384
816 1175
816 2019
816 2018
816 1345
819 2000
820 1359
824 1766
824 1359
824 1170
828 2000
828 1922
828 1040
836 1811
836 1655
836 1122
842 2035
843 2017
848 2190
848 2423
854 1763
854 1170
854 1359
855 936
859 2183
861 1428
861 1759
861 1528
866 2654
874 1359
874 1709
877 2169
877 1359
879 886
879 2327
883 1359
886 1040
886 2025
888 1624
888 1625
888 911
892 1675
903 1285
903 1605
903 1359
906 1484
906 1621
906 1283
909 1014
911 1624
911 2086
912 1052
912 2377
916 2598
916 1036
916 1741
920 1359
925 2384
926 1223
930 1359
946 1912
946 2389
946 1073
949 1683
949 1396
952 1359
956 1483
956 1915
958 1686
958 2084
958 1758
958 1558
958 1359
958 1155
959 1073
959 1799
963 1809
963 1063
963 1811
963 1808
963 1810
963 1666
970 1484
970 1736
970 1744
970 2451
971 1359
971 2366
979 1359
981 1368
981 1624
986 1150
986 1359
994 2156
1000 1359
1003 2035
1003 2034
1005 1811
1009 1417
1009 1923
1010 2097
1013 1798
1013 1337
1013 1683
1027 2035
1030 2167
1036 1741
1036 1802
1039 1359
1041 1766
1041 1170
1041 1359
1042 1359
1042 2391
1042 1244
1052 2384
1062 2377
1062 1197
1063 1811
1063 1193
1075 1676
1075 1677
1075 1502
1078 1484
1078 2114
1078 2451
1086 2110
1086 2111
1086 2395
1086 1422
1089 1090
1095 1444
1096 1811
1096 1987
1104 1481
1104 1719
1104 1124
1104 1749
1104 1285
1104 1761
1104 1359
1108 2380
1108 1811
1119 2156
1119 1417
1124 1359
1140 2055
1140 2183
1140 1629
1142 2295
1144 2156
1144 2377
1144 2263
1144 1619
1145 1624
1145 1246
1146 1170
1146 1359
1153 1928
1153 2156
1155 1715
1155 1743
1155 1716
1155 1359
1158 2241
1161 2269
1164 2133
1164 1403
1170 1359
1170 1720
1170 1732
1170 1715
1170 1721
1170 1735
1170 1738
1172 1910
1175 1913
1175 2395
1179 1909
1179 1985
1179 1530
1190 1359
1194 1706
1197 1368
1197 1625
1200 1567
1200 1600
1200 1717
1204 1843
1204 1411
1204 2156
1204 1216
1206 1762
1206 1359
1210 1738
1210 1359
1230 1359
1230 1750
1230 1385
1230 1628
1239 1359
1240 2028
1244 1359
1246 2081
1246 1771
1250 2557
1250 2559
1250 1484
1252 1449
1252 1624
1266 2292
1267 1985
1267 1530
1269 1930
1271 2035
1271 1623
1274 2035
1282 1359
1282 1749
1282 1747
1283 1777
1283 1736
1283 2325
1283 1484
1285 1605
1285 1359
1285 2451
1286 2183
1288 1359
1293 1359
1294 2419
1300 1811
1306 1359
1320 2035
1332 1811
1332 1577
1333 2025
1338 2046
1340 1754
1340 1359
1344 2166
1344 1508
1345 1929
1347 1671
1349 2164
1349 1811
1358 2026
1360 1465
1360 1915
1368 2081
1368 1779
1368 1657
1368 1585
1369 2554
1369 1912
1377 2233
1377 1849
1378 1841
1378 2389
1378 2071
1378 2070
1383 2284
1386 2336
1390 2598
1396 2073
1396 2190
1397 2110
1397 2395
1397 1422
1411 1656
1413 1484
1413 1736
1413 1744
1413 2451
1418 1704
1418 1530
1418 1453
1421 2395
1421 1422
1426 1619
1428 1726
1428 1743
1436 1928
1436 2072
1442 2275
1444 2241
1444 2400
1449 2046
1449 2035
1465 1483
1465 1915
1465 1684
1471 2554
1472 1647
1482 2336
1483 1974
1483 2133
1486 1915
1488 1502
1488 2018
1488 1850
1491 2086
1493 1766
1498 2035
1499 2026
1500 1777
1502 1677
1506 1789
1506 1625
1506 2087
1506 1553
1506 2108
1506 1802
1516 2183
1520 2336
1528 2275
1528 2451
1530 1985
1530 1909
1540 1915
1541 2055
1541 1629
1551 2084
1553 1779
1558 2169
1558 2084
1561 1624
1562 1624
1563 1766
1566 2366
1569 1730
1575 1987
1577 1811
1581 2200
1582 1811
1582 1820
1585 1799
1603 2055
1603 2073
1611 2557
1611 2559
1615 1672
1615 2035
1623 2426
1625 1788
1625 1706
1625 1786
1625 1778
1625 1789
1625 1781
1625 1780
1625 1779
1628 1741
1629 1636
1629 2058
1629 2022
1629 2173
1629 2055
1652 2046
1655 2035
1657 1799
1659 2019
1666 2035
1672 2137
1672 1969
1672 1930
1675 1915
1676 1915
1676 1677
1683 2320
1683 2190
1683 2292
1684 2133
1684 1974
1686 2084
1691 2113
1697 1714
1704 1969
1704 1907
1704 2239
1712 1732
1712 1766
1712 1731
1713 1726
1715 1728
1718 1732
1720 1766
1721 1766
1722 1762
1724 1725
1732 1756
1735 2598
1737 1764
1739 2366
1740 1751
1740 1767
1743 1759
1743 1750
1745 1766
1746 2597
1751 1767
1751 1766
1752 2597
1753 1755
1756 1766
1758 2452
1768 1784
1771 2081
1772 1779
1773 2046
1773 1783
1774 1790
1774 1781
1777 2079
1777 2046
1777 2325
1782 1999
1782 2108
1783 2327
1783 1799
1785 2046
1785 2097
1788 1811
1788 2046
1792 2046
1793 2486
1798 2089
1802 2452
1805 2452
1808 2035
1809 1811
1810 1811
1812 1823
1813 2035
1813 1987
1819 2306
1821 1874
1839 2183
1841 2072
1845 2277
1857 2097
1857 2046
1874 1987
1890 1892
1890 2035
1890 2040
1890 2131
1892 2131
1892 2035
1895 2035
1906 1915
1907 1908
1912 2554
1913 2104
1913 2103
1924 1928
1925 1928
1928 1929
1928 1930
1928 1931
1930 2035
1969 2035
1981 2406
1984 2035
1987 1996
1987 1999
1987 2000
1987 2003
1987 2009
1987 2004
1987 2002
1987 2010
1999 2327
2003 2380
2004 2124
2009 2302
2011 2017
2019 2020
2022 2419
2023 2191
2024 2218
2031 2113
2040 2043
2046 2047
2046 2049
2047 2049
2051 2486
2055 2134
2070 2071
2073 2183
2084 2169
2086 2090
2087 2095
2101 2102
2124 2381
2165 2218
2165 2283
2169 2170
2173 2183
2181 2183
2181 2184
2195 2196
2234 2292
2239 2241
2241 2400
2252 2253
2269 2292
2305 2386
2383 2384
2390 2452
2391 2452
2391 2392
2392 2452
2393 2452
2400 2435
2402 2435
75 2156
75 1119
75 587
75 545
75 2053
75 2420
75 1417
75 1043
831 2101
831 1915
1043 1629
1043 1119
1043 2053
1043 2199
1043 1927
1043 2055
1043 2052
1043 1926
1043 1482
1046 1774
56 1984
56 211
56 772
56 2022
56 1080
56 324
56 1157
56 61
56 2021
56 816
56 788
56 652
57 1850
57 1617
57 413
57 448
69 1359
69 392
69 1987
89 852
89 697
89 1659
89 1289
89 1733
89 1395
89 1714
89 2014
89 2013
89 163
89 1495
89 1310
89 1742
89 744
89 1883
89 2179
89 2011
89 1678
89 301
89 131
89 2018
89 816
89 2017
89 2395
89 1528
89 1848
89 738
89 416
89 1909
89 1175
89 842
89 2015
89 2012
89 499
89 2016
110 1338
110 154
110 1773
110 1625
110 1662
110 2094
110 319
110 134
110 2095
110 2093
110 1770
110 290
110 1046
110 1786
110 125
110 1790
110 1780
110 520
110 1999
110 1806
110 427
110 2096
110 564
110 1788
110 611
110 1347
110 237
110 177
110 460
110 307
110 2046
116 974
119 1508
119 2166
119 1344
119 455
119 1539
119 2113
119 2011
119 447
119 2167
119 2031
119 582
119 1030
119 843
119 555
119 1852
119 389
119 1691
119 1617
119 256
121 2406
121 817
121 515
121 484
121 1843
134 2083
134 1624
134 400
134 453
134 1671
134 1785
134 1778
134 2046
152 2336
152 2237
152 1987
152 2239
177 232
177 974
192 609
192 1792
192 1999
192 2386
192 1678
192 383
212 1909
212 1395
212 1910
212 357
240 2419
240 2183
240 2022
240 1070
240 888
240 911
240 1221
240 1760
240 620
240 1275
240 1377
240 1910
243 280
243 1132
243 839
243 2281
245 1359
245 1611
245 566
245 1073
253 1974
253 712
253 974
253 2486
263 1465
263 1352
277 2134
277 1696
277 1464
278 697
278 974
278 554
278 1870
290 1359
290 1723
307 1652
307 1573
307 2047
307 309
307 1772
307 2088
307 1585
307 959
307 1798
307 1552
307 1641
307 1799
307 1246
307 2085
307 1771
307 2087
307 574
307 656
307 543
307 1491
307 2086
307 427
307 1073
307 520
307 1010
307 1484
307 1800
307 2046
307 2079
307 657
307 1368
307 453
307 1194
307 720
307 1788
307 1159
307 974
307 1657
307 1805
307 1252
307 555
307 1803
307 582
307 477
307 1706
307 418
307 1780
307 911
307 2091
307 2049
307 1783
307 1857
307 1782
307 1347
307 1806
307 1776
307 2092
307 2090
307 488
307 330
307 2081
307 351
307 1773
307 2089
307 609
307 888
307 1046
342 1359
342 2046
342 614
342 1390
342 1547
367 1987
367 1584
367 746
367 554
377 673
377 1584
400 1770
400 545
400 1090
400 2108
413 1617
413 1850
416 819
416 967
416 594
416 1844
416 1528
416 2179
416 1645
416 2015
416 2183
416 526
416 1851
416 852
416 1175
416 1678
416 738
416 1848
416 1310
416 1909
437 886
437 1982
437 1132
437 1983
437 1333
437 1981
437 1495
437 1978
437 1979
437 499
437 879
437 1980
437 817
437 669
437 484
437 1040
438 499
438 951
438 719
438 1986
438 1496
448 1617
448 2639
448 1850
455 2190
455 1442
455 1918
455 2189
455 1662
455 2191
455 582
455 974
455 2023
484 817
484 2406
497 712
497 993
497 597
499 1653
511 1014
511 1172
511 1132
520 1347
520 837
520 599
520 1999
520 2046
520 1575
520 1671
520 1987
526 2055
526 2183
526 2184
526 1629
526 2173
526 2181
526 2182
526 1541
526 2058
545 2348
545 1770
545 2053
545 1581
545 2200
554 1128
554 746
554 2010
554 1996
554 1584
582 1624
582 1617
582 1793
587 2156
587 1225
587 1219
605 1915
605 2110
605 1653
605 1352
631 974
639 925
639 2388
639 1774
639 784
639 809
639 894
644 1539
644 1168
644 2408
645 712
645 1259
645 729
645 2178
672 2026
672 974
703 1369
703 778
703 2070
703 823
703 2071
703 780
703 994
703 1638
703 2102
712 2112
712 2113
712 2114
712 1286
734 2302
734 1266
734 2303
734 1193
734 1063
734 2036
734 1819
734 1683
734 795
734 2304
734 863
734 2269
734 1295
734 1818
734 760
734 2292
734 1330
734 2009
734 2305
734 2012
734 1161
749 1104
749 1733
749 1359
749 1618
749 1375
749 1146
749 1569
749 1170
749 2554
749 1551
755 1484
755 2451
755 1359
784 1144
784 2377
784 1062
784 894
817 1843
817 2283
817 2406
817 1981
823 1974
827 2529
827 2288
832 1359
832 2094
832 1639
832 1012
832 1734
837 1014
837 2079
837 1344
837 2404
837 1132
837 1573
839 869
839 1132
839 2281
852 1310
852 2019
869 1342
869 2277
869 2100
869 1845
869 1527
869 1196
869 989
881 974
881 1014
894 912
894 1052
894 2384
898 1984
898 1411
898 1908
898 1495
898 1157
898 2296
898 1153
908 1917
908 1352
964 2402
964 2241
964 1418
964 2401
964 1704
964 1444
964 1095
964 2435
964 1142
964 2400
964 1786
964 1158
996 2386
996 1913
996 1310
1014 1852
1014 1843
1014 1584
1014 1626
1014 1848
1014 1404
1014 1849
1014 1294
1014 1662
1014 1847
1014 2046
1014 1676
1014 1121
1014 1842
1014 1845
1014 1522
1014 1844
1014 1851
1014 1645
1014 1730
1014 1841
1014 1850
1014 1846
1014 1465
1016 1386
1016 2263
1016 1069
1016 1426
1016 1790
1016 1144
1016 1453
1016 1520
1016 1789
1016 1619
1016 2264
1016 1482
1071 1830
1071 1359
1071 1471
1071 1726
1071 1073
1071 1168
1073 1799
1073 1798
1073 1359
1073 1803
1073 1734
1073 1785
1073 1479
1073 1804
1073 1741
1073 1805
1073 1806
1073 1801
1073 1802
1073 1506
1073 1726
1073 1800
1073 1484
1073 1263
1080 1915
1080 1219
1081 2345
1081 2163
1090 2087
1090 1553
1111 2296
1111 1225
1111 1121
1111 2026
1121 2026
1121 1584
1121 2195
1122 1656
1122 1411
1122 1132
1122 1811
1122 2137
1128 1987
1128 1584
1134 1539
1134 2186
1134 1501
1143 2327
1150 1359
1150 1895
1150 1987
1159 1636
1159 2252
1159 2253
1159 2383
1216 1895
1219 2117
1219 1928
1223 1225
1289 1310
1292 1661
1292 2155
1334 1974
1334 2196
1334 2313
1337 2033
1337 2034
1337 1453
1337 1798
1337 2035
1339 2386
1339 1913
1342 2426
1352 2283
1352 1593
1352 1363
1352 1973
1352 2135
1352 1536
1359 1766
1359 1733
1359 1566
1359 1744
1359 1742
1359 1712
1359 1748
1359 1730
1359 1563
1359 1484
1359 1741
1359 1747
1359 1724
1359 1739
1359 1600
1359 1767
1359 1761
1359 1750
1359 1755
1359 1751
1359 1757
1359 1760
1359 1714
1359 1551
1359 1718
1359 1709
1359 2598
1359 1763
1359 1743
1359 1710
1359 1481
1359 1765
1359 1445
1359 1738
1359 1472
1359 1605
1359 1732
1359 1547
1359 1711
1359 1493
1359 1500
1359 1647
1359 1731
1359 1740
1359 1745
1359 1713
1359 1715
1359 1716
1359 1717
1359 1719
1359 1722
1359 1385
1359 1517
1359 1720
1359 1721
1359 1621
1359 1723
1359 1725
1359 1726
1359 1390
1359 1727
1359 1728
1359 1729
1359 1734
1359 1735
1359 1736
1359 1569
1359 1737
1359 1746
1359 1749
1359 1752
1359 1753
1359 1754
1359 1756
1359 1758
1359 1759
1359 1762
1359 1764
1363 1915
1363 1373
1371 1920
1371 2275
1371 1976
1371 2486
1371 1526
1403 1617
1403 1920
1403 1973
1403 1483
1422 2395
1422 1976
1422 2110
1422 2111
1464 1696
1464 2132
1464 2134
1464 2133
1475 2336
1475 1909
1475 2262
1484 1744
1484 2114
1484 1736
1484 1621
1484 2084
1484 1727
1484 2209
1501 1539
1501 2186
1536 2156
1536 1917
1536 2294
1539 1843
1539 2186
1547 1805
1547 2170
1567 2072
1567 1733
1567 1896
1573 1777
1588 2155
1593 1915
1593 2072
1593 2486
1617 2051
1617 1850
1619 1790
1621 2451
1624 1779
1624 1777
1624 1775
1624 1773
1624 1768
1624 1782
1624 1778
1624 1774
1624 1784
1624 1785
1624 1783
1624 1781
1624 1780
1624 1771
1624 1776
1624 1770
1624 1769
1624 1772
1626 1730
1636 2384
1638 1974
1653 1849
1653 1973
1656 2296
1656 2137
1656 1895
1656 1840
1656 2385
1656 2283
1656 1843
1661 2155
1662 1852
1677 1976
1677 1915
1678 1909
1696 2134
1710 1987
1710 2366
1710 1740
1710 1739
1714 1899
1726 2598
1726 1741
1726 2414
1726 1746
1726 2335
1726 1735
1726 2597
1727 2169
1736 1777
1736 2325
1741 2392
1741 1805
1741 2390
1741 2391
1741 2393
1742 2594
1744 2451
1744 2114
1811 1812
1811 1813
1811 1819
1811 1821
1811 1818
1811 1816
1811 1822
1811 1820
1811 1824
1811 1817
1811 1815
1811 1823
1811 1870
1811 1814
1843 2406
1843 1981
1843 1980
1843 2282
1849 1910
1849 2420
1850 1915
1852 2486
1910 2306
1915 1918
1915 1921
1915 1916
1915 1917
1915 2389
1915 1919
1915 1920
1927 2052
1927 2190
1927 2053
1974 1976
1974 1975
1974 1977
1976 2110
1976 2111
1980 2179
1980 1981
1980 2406
2002 2045
2002 2122
2002 2003
2002 2336
2002 2004
2002 2381
2002 2382
2002 2380
2002 2349
2002 2124
2002 2379
2010 2026
2016 2072
2017 2072
2025 2179
2025 2157
2026 2029
2026 2028
2026 2027
2027 2046
2027 2097
2035 2037
2035 2039
2035 2043
2035 2131
2035 2041
2035 2042
2035 2038
2035 2040
2035 2036
2100 2426
2103 2386
2104 2386
2110 2111
2114 2451
2132 2183
2132 2134
2134 2183
2136 2283
2152 2424
2153 2386
2163 2164
2183 2232
2183 2234
2183 2233
2183 2199
2282 2406
2426 2427
936 1874
936 974
1417 1925
1417 1469
1417 1603
1417 1926
1417 1927
1417 1922
1417 1923
1417 1924
2156 2296
2156 2294
2156 2295
62 1310
62 2163
62 1417
62 2313
62 1081
70 1921
70 1927
70 2190
70 1014
70 1915
70 1352
70 605
491 1310
491 827
491 2106
491 2100
491 1974
491 1464
491 1982
491 1132
491 1880
683 974
683 1225
779 1225
779 1915
779 1371
779 1920
779 780
780 1371
780 1915
780 1593
780 1920
780 1225
780 1974
922 2294
922 2135
922 1915
974 1143
974 2020
974 2017
974 1073
974 1584
974 2154
1132 1931
1132 2281
1132 1134
1132 1216
1132 1539
1132 2284
1132 1910
1132 2282
1132 1656
1132 2186
1132 2283
1132 1501
1132 1225
1132 2156
1225 1588
1225 1292
1225 2153
1225 2154
1225 1661
1225 1920
1225 1526
1225 2155
1225 1584
1225 1733
1225 1849
1225 2157
1225 1976
1225 2152
1225 1852
1225 1371
1225 1342
1225 1527
1225 2156
1310 1742
1310 1626
1310 1883
1310 2104
1310 1339
1310 2179
1310 2103
1310 1678
1310 2016
1526 1974
1526 1915
1527 2100
1527 2426
1527 1982
1527 1880
1527 1978
1584 2026
1584 1996
1921 1927
1921 2311
1921 2654
1921 2423
2154 2156
