k : 3
Overall running time: 0.574s.
diameter : 13



ans.V.size: 
528 12 37 54 60 69 73 74 82 87 91 111 112 155 156 157 161 172 174 175 229 271 280 299 301 317 318 327 338 342 347 358 365 367 392 400 461 467 502 505 525 528 553 554 565 566 568 581 599 610 614 617 668 690 696 732 734 738 744 745 746 749 752 758 759 765 793 797 798 820 824 832 852 854 874 877 894 903 916 958 965 971 981 986 1000 1007 1016 1036 1041 1042 1086 1104 1111 1124 1128 1146 1147 1150 1155 1170 1175 1181 1190 1193 1206 1210 1230 1239 1244 1280 1282 1284 1285 1288 1293 1305 1306 1310 1326 1340 1385 1389 1390 1400 1417 1421 1445 1472 1481 1493 1500 1510 1528 1547 1549 1551 1553 1559 1563 1569 1589 1605 1611 1615 1619 1647 1672 1678 1682 1683 1702 1709 1710 1711 1712 1713 1715 1716 1718 1719 1720 1721 1722 1723 1724 1725 1728 1731 1732 1733 1735 1737 1738 1739 1740 1743 1745 1746 1747 1749 1750 1751 1752 1753 1754 1755 1756 1757 1758 1759 1761 1762 1763 1764 1766 1767 1770 1777 1789 1807 1840 1842 1848 1907 1908 1909 1988 1990 1996 2001 2002 2003 2004 2005 2010 2015 2026 2035 2057 2108 2132 2134 2179 2187 2203 2325 2348 2384 2391 2392 2397 2451 2473 2597 2598 89 290 688 7 53 75 122 190 211 231 243 245 281 319 324 335 348 360 374 390 409 424 457 483 485 506 512 545 550 563 564 590 604 694 705 717 725 735 737 743 755 774 791 815 839 902 906 963 970 1013 1026 1048 1063 1071 1078 1080 1096 1119 1121 1134 1249 1263 1283 1332 1337 1338 1397 1411 1413 1422 1449 1468 1501 1506 1518 1536 1539 1575 1577 1581 1582 1584 1603 1621 1625 1626 1656 1662 1671 1726 1727 1730 1734 1736 1741 1744 1786 1790 1802 1809 1810 1812 1813 1815 1820 1822 1823 1839 1852 1879 1987 1999 2021 2074 2075 2080 2110 2111 2114 2137 2181 2182 2183 2184 2186 2198 2199 2200 2201 2202 2252 2253 2257 2281 2283 2294 2334 2383 2395 416 1359 56 96 103 104 110 113 125 127 134 139 143 154 182 237 303 309 330 351 418 427 453 460 488 497 520 526 543 587 609 645 656 657 661 713 720 836 851 959 974 993 1014 1043 1046 1073 1122 1132 1140 1159 1194 1246 1252 1292 1347 1368 1484 1491 1526 1541 1552 1562 1573 1585 1588 1641 1652 1657 1661 1684 1706 1768 1771 1772 1773 1774 1776 1778 1779 1780 1781 1783 1784 1785 1788 1798 1799 1800 1803 1805 1806 1811 1857 1976 2046 2047 2049 2052 2053 2055 2056 2058 2079 2081 2085 2089 2090 2091 2154 2155 2156 2173 2229 2396 42 140 176 307 507 597 605 772 956 1075 1157 1225 1294 1352 1360 1371 1465 1502 1593 1624 1629 1919 1927 2086 2190 2389 66 70 620 779 780 888 911 1676 1677 1915 1920 1921 2022 2419 240 
12 1656
12 1840
37 1506
37 2108
37 1553
37 1147
54 1104
54 1740
54 1359
60 610
60 1359
60 1288
60 581
60 1726
69 1987
69 392
73 1359
73 1104
74 1724
74 1746
74 1752
74 877
74 1190
74 798
74 1359
82 424
82 528
82 348
87 1337
87 2035
91 1359
91 157
91 156
111 1263
111 568
112 1170
112 1359
112 1763
112 759
155 1239
155 365
155 1569
155 1359
155 1340
155 1753
155 1445
155 1754
155 820
155 1755
155 327
156 1737
156 1359
156 157
156 1764
157 1764
157 1359
161 744
161 746
161 1987
161 2001
161 2010
161 554
172 791
172 1549
174 1359
174 688
175 1359
175 1743
229 1359
229 1722
271 280
271 2281
271 839
280 2281
280 839
299 1096
299 1326
301 416
317 1822
317 599
318 1625
318 1786
327 1755
327 1359
338 1777
338 1500
338 1359
342 1547
342 1359
342 1390
342 614
347 1359
347 1000
358 1359
358 1155
365 971
365 1359
365 820
365 1757
367 1987
367 1584
367 554
367 746
392 1987
400 545
400 1770
461 1987
461 1990
467 971
467 1359
467 1306
467 1739
502 1359
502 1766
505 2395
505 2397
525 553
525 1359
525 1170
553 1170
553 1359
554 1128
554 746
554 2010
554 1996
554 1584
565 1263
566 688
566 1611
568 1263
581 1743
581 745
581 1766
581 1759
581 1359
599 1822
610 1042
610 1359
614 1359
617 1359
617 1740
668 2473
690 1722
690 1293
690 1359
690 1170
696 1683
696 1682
696 1337
696 1013
732 2200
732 902
732 1280
734 1063
734 1193
738 2179
744 746
744 1987
745 1359
745 1155
746 1996
746 2010
746 1128
746 1987
749 1170
749 1569
749 1146
749 1733
749 1359
749 1104
749 1551
752 2203
758 1359
758 1285
759 1763
759 1359
765 1359
765 797
793 1987
793 1559
797 1104
797 1359
798 1359
820 1359
824 1766
824 1170
824 1359
832 1359
832 1734
852 1310
854 1763
854 1170
854 1359
874 1359
874 1709
877 1359
894 2384
903 1285
903 1605
903 1359
916 1741
916 1036
958 1155
958 1758
958 1359
965 1389
971 1359
986 1359
986 1150
1000 1359
1016 1619
1016 1790
1036 1741
1041 1766
1041 1170
1041 1359
1042 1244
1042 1359
1086 1422
1086 2395
1086 2111
1086 2110
1104 1749
1104 1359
1104 1285
1104 1761
1104 1481
1104 1719
1104 1124
1111 1121
1111 2026
1124 1359
1128 1987
1128 1584
1146 1170
1146 1359
1147 1506
1150 1359
1155 1715
1155 1743
1155 1716
1155 1359
1170 1720
1170 1738
1170 1721
1170 1732
1170 1715
1170 1359
1170 1735
1175 2395
1181 1305
1190 1359
1206 1359
1206 1762
1210 1738
1210 1359
1230 1359
1230 1385
1230 1750
1239 1359
1244 1359
1280 2187
1282 1747
1282 1749
1282 1359
1284 2325
1284 1777
1285 1605
1285 1359
1288 1359
1293 1359
1306 1359
1310 1678
1310 2179
1340 1754
1340 1359
1389 2198
1389 2182
1390 2598
1400 2395
1417 1603
1421 2397
1421 1422
1421 2395
1472 1647
1493 1766
1500 1777
1559 1987
1563 1766
1569 1730
1589 2334
1615 1672
1619 1790
1678 1909
1710 1740
1710 1739
1712 1766
1712 1731
1712 1732
1713 1726
1715 1728
1718 1732
1720 1766
1721 1766
1722 1762
1724 1725
1732 1756
1735 2598
1737 1764
1740 1751
1740 1767
1743 1759
1743 1750
1745 1766
1746 2597
1751 1767
1751 1766
1753 1755
1756 1766
1777 2325
1807 1810
1842 2057
1907 1908
1988 2005
2002 2003
2002 2004
2132 2183
2132 2134
2134 2183
2187 2200
2391 2392
89 1310
89 1175
89 852
89 2179
89 2015
89 1909
89 416
89 738
89 1528
89 2395
89 301
89 1848
89 1678
290 1723
290 1359
688 1359
688 1726
688 1547
688 1722
688 1611
688 1711
7 1603
7 1043
7 374
7 1417
53 2173
53 1468
53 2183
53 1140
75 1417
75 1043
75 1518
75 545
75 587
75 2053
75 1119
75 2156
122 981
122 1159
122 2252
122 2253
122 590
190 1263
190 1073
190 565
190 1510
211 1615
211 1907
211 1908
211 1672
211 1080
231 1811
231 550
231 1096
243 280
243 1132
243 839
243 2281
245 566
245 1073
245 1359
245 1611
281 2156
281 1536
319 1702
319 564
319 2046
324 2021
335 694
348 526
348 424
348 409
360 1621
360 390
360 1484
374 1026
374 1043
390 705
390 1744
390 2451
390 906
390 1484
390 1078
409 526
409 1842
409 2057
409 735
424 528
424 526
457 2055
457 526
457 2348
457 545
457 1581
457 2473
457 2200
457 668
483 1813
483 791
483 1815
483 1811
485 1776
506 1449
506 1252
506 1305
506 1181
512 1811
512 550
545 1770
545 2348
545 2053
545 1581
545 2200
550 1811
563 1736
563 1484
563 2451
563 705
564 1702
564 1338
564 2046
590 981
590 1159
604 717
604 1249
604 1822
604 2046
705 970
705 1744
705 2451
705 2114
705 1484
705 1413
717 1811
717 1822
725 2395
725 2396
735 2198
735 1007
735 752
735 1842
735 737
735 2057
735 965
735 2203
735 1389
737 1007
737 752
737 965
737 2203
737 2198
737 1842
737 1389
743 1621
743 1744
743 1484
755 1359
755 1484
774 1073
774 1506
791 1811
791 1549
815 2383
815 894
815 1159
815 2384
839 1132
839 2281
902 1043
902 2200
902 2074
902 1280
902 2187
906 1621
906 1484
906 1283
963 1063
963 1811
963 1807
963 1810
963 1809
970 1736
970 1484
970 1744
970 2451
1013 1683
1013 1798
1013 1682
1013 1337
1026 1043
1048 2334
1048 1589
1063 1811
1063 1193
1071 1726
1071 1073
1071 1359
1078 2451
1078 1484
1078 2114
1096 1326
1096 1811
1119 1417
1119 2156
1121 1584
1121 2026
1134 1539
1134 2186
1134 1501
1249 1652
1249 2046
1263 1510
1283 1736
1283 1484
1283 1777
1283 2325
1283 1284
1332 1811
1332 1577
1337 2035
1337 1798
1338 1702
1338 2046
1397 1400
1397 2395
1397 1422
1397 2396
1397 2110
1397 2229
1411 1656
1413 1736
1413 1484
1413 1744
1413 2451
1422 1976
1422 2395
1422 2110
1422 2111
1468 2173
1501 1539
1501 2186
1506 1802
1506 2108
1506 1625
1506 1789
1506 1553
1536 2294
1536 2156
1539 2186
1575 1987
1577 1811
1581 2200
1581 2201
1582 1811
1582 1820
1584 2026
1584 1996
1603 2055
1603 2075
1625 1789
1625 1786
1625 1788
1625 1780
1626 1730
1656 1840
1656 2283
1656 2137
1662 1852
1726 2597
1726 1746
1726 2598
1726 1741
1726 1735
1736 1777
1736 2325
1741 2392
1741 1805
1741 2391
1744 2451
1744 2114
1809 1811
1810 1811
1812 1823
1839 2183
1879 2257
1987 1996
1987 1988
1987 2003
1987 1999
1987 2001
1987 2010
1987 2005
1987 1990
1987 2002
1987 2004
2075 2182
2110 2111
2114 2451
2181 2183
2181 2184
2182 2198
2200 2201
2200 2202
2252 2253
2383 2384
2395 2396
2395 2397
416 738
416 2183
416 1678
416 1848
416 1528
416 852
416 1175
416 1310
416 526
416 2179
416 1909
416 2015
1359 1709
1359 1745
1359 1731
1359 1711
1359 1647
1359 1741
1359 1710
1359 1445
1359 1472
1359 1761
1359 1712
1359 1563
1359 1730
1359 1493
1359 1751
1359 1732
1359 1713
1359 1481
1359 1720
1359 1728
1359 1733
1359 1734
1359 1735
1359 1718
1359 1551
1359 1725
1359 1762
1359 1726
1359 1605
1359 1746
1359 1763
1359 2598
1359 1759
1359 1766
1359 1749
1359 1727
1359 1736
1359 1569
1359 1764
1359 1721
1359 1758
1359 1756
1359 1719
1359 1385
1359 1755
1359 1754
1359 1737
1359 1500
1359 1716
1359 1753
1359 1715
1359 1752
1359 1621
1359 1547
1359 1757
1359 1484
1359 1739
1359 1722
1359 1723
1359 1747
1359 1738
1359 1743
1359 1750
1359 1744
1359 1390
1359 1724
1359 1767
1359 1740
56 772
56 1157
56 324
56 1080
56 2021
56 211
96 2075
96 694
96 1629
96 1839
96 457
96 2055
96 1581
96 2182
96 737
96 2183
96 2200
96 2201
96 2202
96 2198
96 1603
96 335
96 735
103 1879
103 2257
103 1624
103 1449
103 1562
103 1252
104 140
104 609
104 307
104 1776
104 485
110 1788
110 1780
110 1338
110 154
110 1046
110 1786
110 1806
110 520
110 1999
110 564
110 427
110 1347
110 237
110 2046
110 307
110 460
110 134
110 319
110 1625
110 1773
110 125
110 1790
113 488
113 2081
113 307
125 1368
125 307
127 307
127 237
127 2046
127 2080
127 1552
134 2046
134 453
134 1624
134 1785
134 1778
139 237
139 307
143 1629
143 2182
143 457
143 526
154 307
154 237
154 460
154 2046
154 1624
182 1465
182 1360
182 1684
182 1014
237 307
237 2047
237 2079
237 1573
237 1073
237 2046
237 2080
303 1159
303 351
303 307
303 720
309 2046
309 351
330 1799
351 2090
351 1641
351 1624
351 2086
351 2085
351 1779
351 657
351 1783
351 2091
351 1776
418 1073
427 1806
427 488
427 1783
427 1773
427 1790
453 1624
460 1624
488 2081
488 1773
488 656
488 1799
488 1783
488 1706
497 597
497 993
520 1575
520 1347
520 1999
520 1987
520 1671
520 2046
526 2055
526 2184
526 2058
526 2182
526 1629
526 2173
526 2181
526 1541
526 2183
543 1246
587 2156
587 1225
609 2081
656 2081
657 2091
661 1624
713 1465
713 851
836 1122
836 1811
851 1465
959 1799
959 1073
974 1073
1014 1465
1014 1584
1014 1662
1014 1730
1014 1121
1014 1852
1014 1626
1043 2053
1043 2055
1043 2074
1043 1119
1043 2199
1043 1927
1043 2334
1043 1629
1043 1518
1043 1048
1043 2056
1043 2052
1073 1800
1073 1726
1073 1799
1073 1798
1073 1484
1073 1734
1073 1741
1073 1806
1073 1803
1073 1359
1073 1805
1073 1263
1073 1802
1073 1506
1122 1132
1122 1811
1122 2137
1122 1411
1122 1656
1132 2281
1132 1539
1132 1225
1132 1656
1132 2156
1132 1134
1132 2186
1132 2283
1132 1501
1140 2055
1140 1629
1140 2183
1159 2252
1159 2253
1159 2383
1194 1706
1246 2081
1246 1771
1252 1624
1252 1449
1292 1661
1292 2155
1347 1671
1368 1657
1368 2081
1368 1585
1484 1727
1484 1621
1484 1736
1484 2114
1484 1744
1491 2086
1541 1629
1541 2055
1562 1624
1585 1799
1588 2155
1652 2046
1657 1799
1661 2155
1768 1784
1771 2081
1772 1779
1773 1783
1773 2046
1774 1781
1783 1799
1785 2046
1788 2046
1798 2089
1811 1812
1811 1823
1811 1820
1811 1815
1811 1822
1811 1813
1857 2046
1976 2110
1976 2111
2046 2049
2046 2047
2047 2049
2056 2199
2154 2156
2156 2294
2173 2183
2229 2396
2229 2395
42 645
42 176
42 597
42 1915
140 1781
140 2046
140 911
140 307
140 1624
140 661
176 1915
176 956
176 597
176 2389
307 1799
307 1641
307 1246
307 1046
307 888
307 1194
307 720
307 1652
307 1573
307 2047
307 309
307 1585
307 1773
307 2089
307 351
307 959
307 1798
307 1552
307 2085
307 1771
307 656
307 2090
307 1706
307 1776
307 1803
307 330
307 488
307 1783
307 1857
307 418
307 2046
307 1780
307 911
307 2091
307 2049
307 1788
307 1159
307 974
307 1805
307 1657
307 1806
307 1347
307 2081
307 609
307 2086
307 427
307 1484
307 1800
307 1491
307 543
307 1073
307 520
307 2079
307 657
307 1368
507 1915
507 1919
597 1915
597 993
597 645
605 1352
605 1915
772 1157
956 1915
1075 1676
1075 1677
1075 1502
1225 1526
1225 2155
1225 2156
1225 1976
1225 1920
1225 1292
1225 1371
1225 1588
1225 1661
1225 2154
1294 2419
1360 1465
1360 1915
1371 1526
1371 1976
1371 1920
1465 1684
1465 1915
1502 2396
1502 2229
1502 1677
1593 1915
1624 1768
1624 1784
1624 1778
1624 1774
1624 1781
1624 1779
1624 1772
1624 1785
1624 1776
1624 1773
1624 1783
1629 2055
1629 2173
1629 2058
1629 2056
1629 2022
1927 2053
1927 2052
1927 2190
2086 2090
66 772
66 1157
66 2419
66 620
66 2022
66 1629
66 1294
66 240
70 1915
70 1927
70 1352
70 2190
70 605
70 1921
779 1371
779 1225
779 1915
779 1920
779 780
780 1371
780 1225
780 1915
780 1593
780 1920
888 911
888 1624
911 2086
911 1624
1676 1677
1676 1915
1677 1915
1915 1920
1915 1921
1915 2389
1915 1919
1921 1927
2022 2419
240 2022
240 888
240 911
240 620
240 2419
