k : 3
Overall running time: 0.204s.
diameter : 20



ans.V.size: 
812 5 15 25 46 65 92 106 142 144 158 159 166 202 206 224 232 233 262 264 278 291 298 300 302 328 378 384 402 408 410 428 430 481 490 514 527 533 559 634 639 658 679 692 733 742 753 761 767 769 784 792 795 809 818 835 846 868 870 872 912 925 938 949 999 1003 1008 1012 1034 1052 1115 1137 1144 1161 1172 1192 1215 1255 1257 1266 1298 1309 1318 1362 1399 1426 1441 1474 1480 1485 1514 1521 1529 1558 1587 1590 1607 1628 1633 1637 1686 1690 1782 1795 1821 1847 1864 1865 1867 1868 1869 1870 1871 1874 1888 1889 1890 1892 2009 2040 2043 2045 2064 2084 2094 2095 2107 2124 2131 2169 2176 2216 2217 2222 2263 2269 2292 2302 2304 2314 2320 2340 2341 2360 2366 2373 2380 2381 2416 2440 2441 2443 2445 2446 2447 2448 2449 2452 2477 2493 2515 2516 2561 2617 2643 2652 2708 799 1797 37 54 60 69 73 74 87 91 111 112 155 156 157 161 172 174 175 229 290 299 317 318 327 338 342 347 358 365 367 392 445 461 467 502 516 525 553 554 565 566 568 581 599 610 614 617 688 690 734 744 746 749 758 759 765 793 797 798 820 824 829 832 854 874 877 894 903 916 958 971 981 986 1000 1016 1036 1041 1042 1103 1104 1111 1124 1128 1146 1147 1150 1170 1181 1190 1193 1206 1208 1210 1230 1239 1244 1282 1284 1285 1288 1293 1305 1306 1326 1340 1385 1390 1445 1472 1481 1493 1500 1510 1547 1549 1551 1553 1559 1563 1569 1605 1611 1619 1647 1702 1709 1710 1711 1712 1713 1715 1716 1718 1719 1720 1721 1722 1723 1724 1725 1728 1731 1732 1733 1735 1737 1738 1739 1740 1743 1745 1746 1747 1749 1750 1751 1752 1753 1754 1755 1756 1757 1758 1759 1761 1762 1763 1764 1766 1767 1777 1789 1807 1988 1990 1996 2001 2002 2003 2004 2005 2010 2026 2035 2108 2291 2325 2384 2391 2392 2451 2466 2597 2598 696 745 1155 1682 1683 1796 122 147 190 231 245 249 305 319 360 390 483 485 506 512 550 563 564 590 604 624 705 717 743 755 774 791 815 898 906 963 970 1013 1063 1071 1078 1096 1121 1196 1249 1263 1283 1332 1337 1338 1359 1413 1449 1506 1575 1577 1582 1584 1621 1625 1626 1662 1671 1726 1727 1730 1734 1736 1741 1744 1786 1790 1802 1809 1810 1812 1813 1815 1820 1822 1823 1852 1879 1987 1999 2080 2114 2252 2253 2257 2290 2383 2424 2465 12 103 104 110 113 125 127 134 139 154 182 237 271 280 303 309 330 341 351 418 427 453 460 488 497 520 543 585 609 645 656 657 661 713 720 836 851 959 974 993 1014 1046 1073 1159 1186 1194 1246 1252 1265 1347 1368 1411 1461 1484 1491 1499 1532 1552 1562 1573 1585 1586 1615 1641 1652 1657 1672 1684 1706 1768 1771 1772 1773 1774 1776 1778 1779 1780 1781 1783 1784 1785 1788 1798 1799 1800 1803 1805 1806 1811 1840 1857 1907 1908 2046 2047 2049 2079 2081 2085 2089 2090 2091 2115 2137 2359 2591 42 90 140 153 173 176 211 241 243 281 307 324 444 507 513 597 605 839 956 1011 1080 1122 1134 1154 1352 1360 1370 1402 1465 1470 1473 1501 1536 1539 1593 1624 1654 1656 1919 1965 2021 2086 2186 2188 2281 2283 2294 2347 2350 2389 2436 2464 2510 2520 23 44 56 70 259 376 464 587 707 757 779 780 806 888 911 1009 1095 1132 1158 1235 1280 1292 1366 1420 1444 1526 1588 1589 1661 1676 1693 1703 1915 1920 1921 1923 1967 1970 1971 1972 2154 2155 2156 2190 2204 2239 2241 2400 2401 2402 2435 7 75 240 258 374 400 530 592 620 643 732 752 772 902 964 965 1007 1018 1026 1048 1075 1119 1157 1225 1294 1371 1417 1518 1677 1681 1704 1770 1927 2052 2053 2074 2187 2199 2203 2261 2312 2334 2419 2577 66 82 277 335 528 545 668 694 735 737 754 891 1043 1267 1315 1389 1418 1464 1468 1502 1581 1603 1696 1842 1881 1976 1985 2022 2056 2057 2075 2110 2111 2198 2200 2201 2202 2228 2348 2351 2473 53 77 96 131 143 163 348 409 424 457 505 725 816 1086 1140 1179 1270 1289 1397 1400 1421 1422 1530 1541 1629 1631 1742 1839 1883 2011 2016 2017 2018 2055 2058 2132 2134 2173 2181 2182 2184 2229 2396 2397 89 301 526 738 852 1175 1310 1528 1678 1848 1909 2015 2179 2183 2395 416 
5 1762
5 2176
5 1257
15 2035
15 159
25 1702
25 599
25 1637
25 202
46 2304
46 734
65 1738
65 2617
65 1210
92 2002
92 2124
92 2381
106 1722
106 2477
106 2652
142 1003
142 2035
144 317
144 599
158 599
158 1871
158 1702
159 2035
166 2708
166 1474
166 599
202 1702
202 599
202 298
206 1702
206 1870
224 1155
224 745
232 1702
232 1869
232 233
233 1702
233 1865
233 870
262 1702
262 1480
262 874
264 365
264 733
278 554
291 688
291 2360
298 599
300 2384
300 1485
302 1170
302 2493
328 1326
328 2064
378 2292
378 679
378 734
378 1266
384 734
384 2269
402 734
402 1161
408 1682
408 410
408 696
408 1683
410 1682
428 566
428 1529
430 2045
430 2002
481 1711
481 688
481 2373
481 2360
490 2391
490 2392
514 566
514 1529
527 1008
527 1743
533 1702
533 1864
559 877
559 1190
634 1702
634 1867
639 894
639 784
639 809
639 925
658 868
658 2443
658 2441
658 1230
658 872
658 1255
679 734
692 2035
692 2131
733 1757
742 2094
742 1012
742 832
753 958
753 2084
761 1514
767 1869
767 846
767 1298
769 1724
769 1725
784 894
792 2035
792 2131
795 1161
809 925
809 2384
818 1764
818 1737
835 877
835 2169
868 2441
868 1230
868 2440
868 872
868 2443
870 1702
870 1865
870 1441
872 1230
912 1052
925 2384
938 1181
938 1305
949 1682
949 1683
999 1285
999 1104
1003 2035
1008 1743
1008 1155
1052 2384
1115 1718
1115 2561
1137 1190
1137 2360
1144 1619
1144 2263
1161 2269
1172 2360
1192 1559
1192 2340
1215 1500
1215 1746
1255 1309
1257 2176
1257 1762
1266 2292
1309 1628
1318 2222
1318 1740
1362 1529
1399 1529
1426 1619
1441 1702
1474 2708
1480 1702
1485 2384
1521 1751
1521 1766
1558 2084
1558 2169
1590 1746
1590 2597
1633 1757
1637 1702
1686 2084
1782 2108
1795 1796
1795 1797
1821 1874
1847 1868
1888 1889
1890 2035
1890 1892
1890 2040
1890 2131
1892 2131
1892 2035
2009 2302
2040 2043
2084 2169
2095 2107
2124 2381
2216 2217
2269 2292
2340 2341
2360 2373
2416 2598
2447 2448
2447 2449
2477 2652
2515 2516
799 1795
799 1796
37 2095
37 1147
37 1553
37 2108
37 1506
37 2107
37 1782
54 1104
54 1740
54 1359
60 2652
60 581
60 1288
60 106
60 1359
60 610
60 1726
69 1987
69 392
73 1359
73 1104
74 1724
74 559
74 1137
74 1746
74 1752
74 877
74 1215
74 1190
74 1359
74 798
87 1337
87 2035
91 818
91 1359
91 157
91 156
111 1263
111 568
112 1170
112 1359
112 2493
112 1763
112 759
155 1239
155 365
155 1569
155 1359
155 1340
155 1753
155 1445
155 1754
155 820
155 1755
155 327
156 1690
156 1764
156 157
156 1359
156 1737
156 818
157 1764
157 1359
157 1690
157 818
161 744
161 554
161 2010
161 2001
161 1987
161 746
161 278
172 791
172 1549
174 688
174 1359
174 1587
174 1034
175 1359
175 1743
229 1359
229 1722
290 1359
290 1723
299 1096
299 1326
317 1298
317 1869
317 846
317 1822
317 599
317 767
318 1625
318 1786
327 1755
327 1359
338 1777
338 1359
338 1500
338 1215
342 614
342 1359
342 1390
342 1547
347 1359
347 1000
358 1155
358 1359
365 2643
365 1633
365 1757
365 820
365 1359
365 1607
365 971
365 733
367 1987
367 1584
367 554
367 746
392 1987
445 2465
445 624
445 2290
445 829
445 2291
445 516
461 1987
461 1990
467 971
467 1359
467 1306
467 1739
502 1359
502 1766
516 1103
516 2466
516 2465
516 624
525 2477
525 553
525 1359
525 1170
553 1170
553 1359
554 1128
554 746
554 2010
554 1996
554 1584
565 1263
566 1362
566 1399
566 1611
566 1529
566 688
568 1263
568 1514
568 761
581 2445
581 745
581 1359
581 1759
581 1766
581 2446
581 1743
599 1298
599 870
599 1822
599 1637
599 2708
599 1865
599 1474
599 1871
599 846
599 767
610 2447
610 1359
610 2448
610 1042
610 2449
614 1359
617 1359
617 1740
688 1172
688 1359
688 1722
688 1711
688 1547
688 2373
688 1726
688 1611
688 1034
688 2360
688 1587
690 1318
690 1359
690 1170
690 1293
690 1722
734 1683
734 1063
734 2304
734 1266
734 2269
734 2292
734 1193
734 2009
734 795
734 1161
734 2302
744 746
744 1987
746 1996
746 2010
746 1128
746 1987
749 1170
749 1569
749 1146
749 1733
749 1359
749 1104
749 1551
758 1359
758 1285
759 1763
759 1359
759 2493
765 1359
765 797
793 1987
793 1559
797 1104
797 1359
798 1359
820 1607
820 1359
824 1766
824 1170
824 1359
829 2465
829 1796
832 1359
832 2094
832 1734
832 1012
854 1763
854 1170
854 1359
874 1480
874 2314
874 1359
874 1709
877 1359
877 2169
894 912
894 1052
894 2384
903 1285
903 1605
903 1359
916 2598
916 2416
916 1036
916 1741
958 1686
958 1558
958 2084
958 1155
958 1359
958 1758
971 1359
986 1359
986 1150
1000 1359
1016 1619
1016 2263
1016 1144
1016 1790
1016 1426
1036 1741
1041 1766
1041 1170
1041 1359
1042 1359
1042 2449
1042 1244
1103 2465
1103 1208
1103 2291
1103 2466
1104 1749
1104 1888
1104 1359
1104 1285
1104 1761
1104 1481
1104 1719
1104 1124
1104 1889
1111 1121
1111 2026
1124 1359
1128 1987
1128 1584
1146 1170
1146 1359
1147 1506
1150 1359
1170 1720
1170 2477
1170 1359
1170 2493
1170 1715
1170 1732
1170 1735
1170 1721
1170 1738
1181 1305
1190 1359
1190 2360
1206 1359
1206 1762
1208 2291
1208 2465
1210 1359
1210 1738
1230 2441
1230 2440
1230 1359
1230 1750
1230 1255
1230 1385
1230 1628
1230 1309
1230 2443
1239 1359
1244 1359
1282 1747
1282 1749
1282 1359
1284 2325
1284 1777
1285 1605
1285 1359
1288 1359
1293 1318
1293 1359
1306 1359
1326 2064
1340 1754
1340 1359
1390 2598
1472 1647
1493 1766
1500 1777
1559 2340
1559 2341
1559 1987
1563 1766
1569 1730
1619 1790
1702 1869
1702 1865
1702 1864
1702 1847
1702 1868
1702 1874
1702 1821
1702 1870
1702 1867
1702 1871
1709 2314
1710 2366
1710 1740
1710 1739
1712 1766
1712 1731
1712 1732
1713 1726
1715 1728
1718 1732
1718 2561
1720 1766
1721 1766
1722 2477
1722 1762
1724 1725
1725 2216
1725 2217
1732 1756
1735 2598
1737 1764
1738 2617
1739 2366
1740 2222
1740 1767
1740 1751
1743 1750
1743 2446
1743 1759
1743 2445
1745 1766
1746 2597
1751 1767
1751 1766
1753 1755
1756 1766
1757 2643
1762 2176
1777 2325
1807 1810
1988 2005
2002 2380
2002 2004
2002 2003
2002 2381
2002 2124
2002 2045
2003 2380
2004 2124
2035 2131
2035 2043
2035 2040
2291 2465
2391 2452
2391 2392
2392 2452
696 2320
696 1682
696 1013
696 949
696 1337
696 1683
745 1359
745 1155
1155 2516
1155 1743
1155 1715
1155 1359
1155 1716
1155 2515
1682 2320
1683 2320
1683 2292
1796 2465
1796 1797
122 981
122 1159
122 2252
122 2253
122 590
147 1908
147 898
190 1263
190 1073
190 565
190 1510
231 1811
231 550
231 1096
245 1073
245 566
245 1359
245 1611
249 1532
249 1265
305 2424
319 1702
319 564
319 2046
360 1621
360 390
360 1484
390 705
390 1744
390 2451
390 906
390 1484
390 1078
483 1813
483 791
483 1815
483 1811
485 1776
506 1449
506 1252
506 1305
506 1181
512 1811
512 550
550 1811
563 1736
563 1484
563 2451
563 705
564 1702
564 1338
564 2046
590 981
590 1159
604 717
604 1249
604 1822
604 2046
624 2465
624 2290
705 970
705 1744
705 2451
705 2114
705 1484
705 1413
717 1811
717 1822
743 1621
743 1744
743 1484
755 1359
755 1484
774 1073
774 1506
791 1811
791 1549
815 2383
815 894
815 1159
815 2384
898 1908
906 1621
906 1484
906 1283
963 1807
963 1063
963 1809
963 1811
963 1810
970 1736
970 1484
970 1744
970 2451
1013 1682
1013 1683
1013 1798
1013 1337
1063 1193
1063 1811
1071 1073
1071 1726
1071 1359
1078 2451
1078 1484
1078 2114
1096 1326
1096 1811
1121 1584
1121 2026
1249 1652
1249 2046
1263 1510
1283 1736
1283 1484
1283 1777
1283 2325
1283 1284
1332 1811
1332 1577
1337 1798
1337 2035
1338 1702
1338 2046
1359 1563
1359 1730
1359 1709
1359 1745
1359 1731
1359 1711
1359 1647
1359 1741
1359 1710
1359 1445
1359 1472
1359 1761
1359 1732
1359 1493
1359 1751
1359 1743
1359 1738
1359 1747
1359 1481
1359 1720
1359 1723
1359 1728
1359 1733
1359 1734
1359 1735
1359 1718
1359 1551
1359 1725
1359 1762
1359 1726
1359 1605
1359 1746
1359 1763
1359 2598
1359 1759
1359 1766
1359 1749
1359 1727
1359 1736
1359 1569
1359 1764
1359 1721
1359 1758
1359 1756
1359 1719
1359 1385
1359 1755
1359 1754
1359 1737
1359 1500
1359 1716
1359 1753
1359 1715
1359 1752
1359 1621
1359 1547
1359 1757
1359 1484
1359 1739
1359 1722
1359 1750
1359 1712
1359 1744
1359 1390
1359 1724
1359 1713
1359 1767
1359 1740
1413 1736
1413 1484
1413 1744
1413 2451
1506 1802
1506 2108
1506 1625
1506 1789
1506 1553
1575 1987
1577 1811
1582 1811
1582 1820
1584 2026
1584 1996
1625 1789
1625 1786
1625 1788
1625 1780
1626 1730
1662 1852
1726 2597
1726 1746
1726 2598
1726 1741
1726 1735
1736 1777
1736 2325
1741 2392
1741 1805
1741 2391
1744 2451
1744 2114
1809 1811
1810 1811
1812 1823
1879 2257
1987 1988
1987 2003
1987 2004
1987 1990
1987 2001
1987 1996
1987 2010
1987 2005
1987 1999
1987 2002
2114 2451
2252 2253
2290 2465
2383 2384
2465 2466
12 1656
12 1840
103 1879
103 2257
103 1624
103 1449
103 1562
103 1252
104 140
104 609
104 307
104 1776
104 485
110 1788
110 1780
110 1338
110 154
110 1046
110 1786
110 1806
110 520
110 1999
110 564
110 427
110 1347
110 237
110 2046
110 307
110 460
110 134
110 319
110 1625
110 1773
110 125
110 1790
113 488
113 2081
113 307
125 1368
125 307
127 307
127 237
127 2046
127 2080
127 1552
134 2046
134 453
134 1624
134 1785
134 1778
139 237
139 307
154 307
154 237
154 460
154 2046
154 1624
182 1465
182 1360
182 1684
182 1014
237 307
237 2047
237 2079
237 1573
237 1073
237 2046
237 2080
271 280
271 2281
271 839
271 1196
280 2424
280 2281
280 839
280 1196
280 305
303 1159
303 351
303 307
303 720
309 2046
309 351
330 1799
341 585
341 2464
351 2090
351 1641
351 1624
351 2086
351 2085
351 1779
351 657
351 1783
351 2091
351 1776
418 1073
427 1806
427 488
427 1783
427 1773
427 1790
453 1624
460 1624
488 2081
488 1773
488 656
488 1799
488 1783
488 1706
497 597
497 993
520 1575
520 1347
520 1999
520 1987
520 1671
520 2046
543 1246
585 2464
585 2465
585 624
585 2290
609 2081
656 2081
657 2091
661 1624
713 1465
713 851
836 1811
836 1122
851 1465
959 1799
959 1073
974 1073
1014 1465
1014 1584
1014 1662
1014 1730
1014 1121
1014 1852
1014 1626
1073 1800
1073 1726
1073 1799
1073 1798
1073 1263
1073 1734
1073 1741
1073 1806
1073 1803
1073 1359
1073 1805
1073 1802
1073 1506
1073 1484
1159 2252
1159 2253
1159 2383
1186 2359
1186 1461
1186 2350
1194 1706
1246 2081
1246 1771
1252 1624
1252 1449
1265 1532
1347 1671
1368 1657
1368 2081
1368 1585
1411 1656
1461 2359
1461 2350
1484 1727
1484 1621
1484 1736
1484 2114
1484 1744
1491 2086
1499 2350
1499 2591
1562 1624
1585 1799
1586 1654
1615 1672
1652 2046
1657 1799
1768 1784
1771 2081
1772 1779
1773 1783
1773 2046
1774 1781
1783 1799
1785 2046
1788 2046
1798 2089
1811 1812
1811 1823
1811 1815
1811 1820
1811 1822
1811 1813
1857 2046
1907 1908
2046 2049
2046 2047
2047 2049
2115 2510
2115 2520
42 645
42 176
42 597
42 1915
90 1095
90 1402
90 1586
90 1654
90 2464
90 259
90 1158
140 1781
140 2046
140 911
140 307
140 1624
140 661
153 2241
153 2239
173 1693
173 757
173 2188
173 513
173 241
176 1915
176 956
176 597
176 2389
211 1615
211 1907
211 1908
211 1672
211 1080
241 1693
241 757
241 513
241 1473
243 280
243 1132
243 839
243 2281
281 2156
281 1536
307 1799
307 1641
307 1246
307 1046
307 888
307 1194
307 720
307 1652
307 1573
307 2047
307 309
307 1585
307 1773
307 2089
307 351
307 959
307 1552
307 2085
307 1771
307 656
307 543
307 1491
307 2079
307 657
307 1368
307 2090
307 1706
307 1776
307 1803
307 330
307 488
307 1783
307 1857
307 418
307 2046
307 1780
307 911
307 2091
307 2049
307 1788
307 1159
307 974
307 1805
307 1657
307 1806
307 1347
307 2081
307 609
307 2086
307 427
307 1073
307 520
307 1484
307 1800
307 1798
324 2021
444 1011
444 1967
444 1265
444 1532
507 1915
507 1919
513 1693
513 757
513 1473
597 1915
597 993
597 645
605 1352
605 1915
839 1132
839 2281
956 1915
1011 1967
1122 1811
1122 1132
1122 2137
1122 1411
1122 1656
1134 1539
1134 2186
1134 1501
1154 1402
1360 1465
1360 1915
1370 1654
1402 1586
1465 1684
1465 1915
1470 2359
1470 1693
1470 2591
1470 1499
1470 2350
1470 2347
1473 1693
1473 2188
1501 1539
1501 2186
1536 2294
1536 2156
1539 2186
1593 1915
1624 1768
1624 1784
1624 1778
1624 1774
1624 1781
1624 1779
1624 1772
1624 1785
1624 1776
1624 1773
1624 1783
1656 1840
1656 2283
1656 2137
1965 1967
2086 2090
2347 2350
2350 2359
2510 2520
23 2239
23 1703
23 1704
23 1235
44 2400
44 2401
44 964
56 772
56 1157
56 324
56 1080
56 2021
56 211
70 1927
70 1915
70 1352
70 2190
70 605
70 1921
259 1402
259 1154
259 964
259 1095
376 2402
376 964
376 2436
376 2435
464 1965
464 1704
464 1967
464 1703
587 2156
587 1225
707 964
707 806
757 1470
757 2188
757 1473
757 2187
757 1693
779 1225
779 1915
779 1371
779 1920
779 780
780 1920
780 1915
780 1593
780 1371
780 1225
806 964
888 911
888 1624
911 2086
911 1624
1009 1417
1009 1923
1095 1370
1095 1654
1095 1444
1132 1225
1132 2281
1132 1539
1132 1656
1132 2156
1132 1134
1132 2186
1132 2283
1132 1501
1158 2464
1158 2241
1235 1703
1235 1967
1235 1704
1280 2187
1280 2204
1292 1661
1292 2155
1366 1703
1366 1704
1366 2520
1366 2510
1420 2261
1444 2400
1444 2241
1588 2155
1589 2334
1661 2155
1676 1677
1676 1915
1693 2188
1693 2350
1693 2347
1693 2187
1703 1971
1703 1972
1703 1967
1703 2239
1703 1704
1915 1920
1915 2389
1915 1921
1915 1919
1921 1927
1967 1972
1970 2239
2154 2156
2156 2294
2239 2241
2241 2400
2400 2435
2402 2436
2402 2435
7 1417
7 374
7 1603
7 1043
75 1417
75 1043
75 1518
75 587
75 545
75 2053
75 1119
75 2156
240 911
240 888
240 2022
240 2419
240 620
258 1389
258 965
374 1026
374 1043
400 545
400 1770
530 1420
530 2261
530 1418
592 1018
592 643
592 2473
643 2473
732 2200
732 902
732 1280
732 2204
752 2203
772 1157
902 2200
902 2074
902 1043
902 1280
902 2187
964 1158
964 2401
964 1704
964 2435
964 2402
964 2241
964 1444
964 2400
964 1095
964 1418
965 1389
1018 2473
1026 1043
1048 2334
1048 1589
1075 1676
1075 1677
1075 1502
1119 1417
1119 2156
1225 1526
1225 2155
1225 1920
1225 2156
1225 1292
1225 1976
1225 1371
1225 1588
1225 1661
1225 2154
1294 2419
1371 1920
1371 1976
1371 1526
1417 1923
1417 1603
1677 1915
1681 2057
1681 2577
1704 1971
1704 1972
1704 1970
1704 1967
1704 2239
1927 2052
1927 2190
1927 2053
2187 2200
2312 2577
66 1294
66 240
66 772
66 1157
66 2022
66 1629
66 2419
66 620
82 424
82 528
82 348
277 1464
277 1696
277 2134
335 694
545 1770
545 2348
545 2053
545 1581
545 2200
668 2473
735 1007
735 752
735 1842
735 737
735 1389
735 2057
735 965
735 2203
735 2198
737 1389
737 965
737 2203
737 2198
737 1842
737 1007
737 752
754 1270
754 1881
891 1270
891 1315
1043 2055
1043 1119
1043 1629
1043 1518
1043 2074
1043 2334
1043 1927
1043 2199
1043 1048
1043 2056
1043 2052
1043 2053
1267 1530
1267 1985
1389 2182
1389 2198
1418 1704
1418 2351
1418 2261
1418 1530
1464 2134
1464 1696
1464 2132
1468 2173
1502 1677
1502 2229
1502 2396
1581 2201
1581 2200
1603 2055
1603 2075
1696 2134
1842 2057
1976 2111
1976 2110
2022 2419
2056 2199
2057 2312
2057 2577
2075 2182
2110 2111
2200 2201
2200 2202
53 2173
53 1468
53 1140
53 2183
77 89
77 2179
96 2075
96 2202
96 1603
96 2198
96 2183
96 2200
96 1581
96 2201
96 1629
96 694
96 1839
96 2182
96 737
96 2055
96 457
96 335
96 735
131 2018
143 526
143 457
143 1629
143 2182
163 1175
348 526
348 424
348 409
409 735
409 526
409 1842
409 2057
424 528
424 526
457 2200
457 545
457 2055
457 2473
457 1581
457 2348
457 668
457 526
505 2395
505 2397
725 2396
725 2395
816 1175
816 2018
1086 2110
1086 2111
1086 1422
1086 2395
1140 2055
1140 2183
1140 1629
1179 1530
1179 1985
1179 1909
1179 2351
1270 2228
1270 1631
1270 1315
1270 1881
1289 1310
1397 2229
1397 2110
1397 2396
1397 1400
1397 1422
1397 2395
1400 2395
1421 2397
1421 2395
1421 1422
1422 2395
1422 2110
1422 1976
1422 2111
1530 2351
1530 1985
1530 1909
1541 2055
1541 1629
1629 2022
1629 2056
1629 2173
1629 2058
1629 2055
1631 2228
1839 2183
2011 2017
2132 2134
2132 2183
2134 2183
2173 2183
2181 2183
2181 2184
2182 2198
2229 2396
2229 2395
89 1310
89 163
89 1175
89 852
89 1883
89 2179
89 1289
89 1528
89 2395
89 816
89 2017
89 738
89 1848
89 2018
89 131
89 301
89 2016
89 1909
89 1678
89 2011
89 2015
89 1742
89 416
301 416
526 2184
526 1629
526 2173
526 2058
526 2181
526 2182
526 1541
526 2055
526 2183
738 1270
738 2179
738 1631
852 1310
1175 2395
1310 2179
1310 1883
1310 2016
1310 1678
1310 1742
1678 1909
2395 2396
2395 2397
416 1678
416 1848
416 2183
416 738
416 526
416 1909
416 1310
416 1528
416 2179
416 2015
416 1175
416 852
