k : 2
Overall running time: 7.354s.
diameter : 4



ans.V.size: 
426 5 17 21 47 59 89 106 110 111 137 189 190 224 237 240 262 264 269 275 282 291 302 307 313 320 323 329 343 360 373 390 392 404 418 440 450 465 468 481 482 494 527 534 535 558 559 563 566 570 616 629 630 651 658 698 705 729 733 739 742 743 753 761 768 769 774 801 818 826 835 837 849 861 868 872 884 892 906 916 934 937 946 951 959 970 974 978 980 999 1008 1012 1014 1034 1036 1068 1074 1078 1115 1137 1149 1151 1156 1165 1168 1172 1200 1215 1225 1250 1255 1257 1263 1268 1283 1307 1308 1309 1310 1318 1375 1413 1417 1427 1428 1431 1467 1471 1479 1480 1487 1496 1506 1507 1521 1558 1567 1587 1590 1602 1607 1611 1613 1618 1626 1628 1630 1633 1639 1679 1686 1688 1690 1695 1697 1777 1785 1798 1799 1800 1801 1802 1803 1804 1805 1806 1825 1827 1830 1834 1858 1872 1887 1888 1889 1895 1896 1899 1900 1901 1902 1987 2046 2084 2094 2114 2163 2168 2169 2170 2176 2202 2209 2213 2216 2217 2221 2222 2258 2308 2314 2315 2324 2325 2335 2344 2360 2366 2367 2373 2390 2391 2392 2393 2414 2416 2422 2440 2441 2442 2443 2444 2445 2446 2447 2448 2449 2451 2452 2461 2467 2477 2493 2504 2515 2516 2526 2547 2554 2556 2557 2559 2561 2585 2594 2597 2613 2615 2617 2628 2643 2644 2652 2653 2686 65 962 2600 31 35 54 60 69 73 74 91 102 112 155 156 157 171 174 175 229 245 247 290 327 334 338 342 347 358 365 467 490 502 525 553 581 610 614 617 627 646 685 687 688 690 709 745 749 755 758 759 765 797 798 820 824 832 854 874 877 883 903 920 930 952 958 971 979 986 1000 1039 1041 1042 1071 1073 1104 1124 1146 1150 1155 1170 1190 1206 1210 1230 1239 1244 1282 1285 1288 1293 1306 1340 1385 1390 1445 1472 1481 1484 1493 1500 1517 1547 1551 1563 1566 1569 1600 1605 1621 1647 1709 1710 1711 1712 1713 1714 1715 1717 1718 1719 1720 1721 1722 1723 1724 1725 1726 1727 1728 1730 1731 1732 1733 1734 1735 1736 1737 1739 1740 1741 1742 1743 1744 1745 1746 1747 1748 1749 1750 1751 1752 1753 1754 1755 1756 1757 1758 1759 1760 1761 1762 1763 1764 1765 1766 1767 2598 1716 1729 1738 1359 
5 1762
5 2176
5 1257
17 1633
17 2445
17 2643
17 971
21 1073
47 1605
47 2367
59 1716
89 1733
89 1310
89 1742
89 1714
106 1722
106 2477
106 2652
110 2094
110 290
110 2046
110 1806
110 307
110 237
111 1263
111 1600
137 832
189 1170
189 1728
190 1263
190 1073
224 745
224 1762
224 1155
237 307
237 1073
237 2046
240 1760
262 874
262 1480
262 1895
264 365
264 1104
264 733
269 1741
269 2452
275 749
291 1766
291 688
291 329
291 2360
302 1170
302 2493
307 959
307 1798
307 1799
307 1073
307 1800
307 418
307 1806
307 1803
307 1805
307 1484
307 974
307 2046
313 1741
313 1611
313 1723
320 1206
329 952
343 1073
360 1621
360 390
360 1484
373 1711
373 627
390 705
390 1744
390 1078
390 2451
390 1484
390 906
392 1987
392 494
392 2366
404 465
404 2504
404 1743
418 1872
418 1073
440 1170
465 2445
465 1759
465 2446
468 1709
481 1711
481 688
481 2360
481 1427
481 2373
482 1288
482 824
494 1760
527 566
527 1008
527 1743
534 1743
534 2467
535 630
535 934
535 610
558 1726
559 877
559 1190
563 1736
563 1484
563 705
563 2451
566 1039
566 1611
566 1724
566 688
570 1760
616 2444
629 1726
629 2547
629 1170
629 1765
630 884
651 1686
651 1558
651 1487
651 2084
651 1757
651 820
658 1255
658 1730
658 2443
658 868
658 872
658 2441
658 1230
658 1741
705 970
705 1744
705 2451
705 2114
705 1484
705 1413
729 2554
729 1071
733 1757
733 2686
739 2163
742 1283
742 832
742 1012
742 2094
743 1621
743 1744
743 1484
753 2084
753 2452
753 958
761 2461
761 986
761 1427
768 874
768 2315
769 1725
769 1567
769 1724
774 1073
774 1506
818 1737
818 1764
826 1766
835 2169
835 877
837 1014
849 986
861 1428
861 1759
868 2441
868 1230
868 2440
868 872
868 2443
872 1230
872 2653
884 934
906 1621
906 1484
906 1283
916 2598
916 2416
916 1036
916 1741
934 1039
937 2516
937 1068
946 1073
959 1799
959 1073
970 1736
970 1484
970 1744
970 2451
974 1073
978 1282
999 1104
999 2366
999 1285
1008 1743
1008 1155
1008 2467
1014 1730
1014 2046
1014 1626
1034 2169
1036 1802
1036 1487
1036 1834
1036 1741
1068 2308
1068 2449
1078 2451
1078 1484
1078 2114
1115 1718
1115 2561
1137 1190
1137 2360
1149 1318
1149 2221
1149 2222
1149 1748
1151 1244
1156 1230
1165 1288
1172 2360
1200 1600
1200 1215
1200 1567
1200 1717
1215 1717
1215 1500
1215 1746
1225 1733
1250 2557
1250 2559
1250 1484
1255 1309
1257 2176
1257 1762
1268 1825
1283 1736
1283 2325
1283 1777
1283 1484
1307 1318
1308 1445
1309 1628
1310 1742
1310 1626
1318 1720
1318 1721
1318 2221
1318 2222
1318 1740
1413 1736
1413 1484
1413 1744
1413 2451
1427 1752
1428 1743
1428 2447
1428 1726
1431 1719
1471 1825
1471 2554
1480 1895
1487 1746
1506 1802
1521 1751
1521 1766
1558 2084
1558 2169
1567 1896
1567 1733
1587 2169
1590 1746
1590 2597
1602 1751
1611 2557
1611 2559
1626 1730
1628 1741
1630 1712
1633 1757
1679 1747
1686 2084
1688 1722
1697 1714
1777 2325
1777 2046
1785 2046
1802 2452
1805 2452
1825 1827
1827 1830
1888 1889
2084 2169
2114 2451
2169 2170
2213 2217
2216 2217
2221 2526
2221 2222
2360 2373
2390 2452
2391 2452
2391 2392
2392 2452
2393 2452
2414 2416
2416 2598
2440 2653
2443 2615
2445 2504
2446 2504
2447 2449
2447 2448
2477 2652
2515 2516
2556 2600
65 1738
65 2617
65 1210
962 2556
962 2600
962 1729
31 1417
31 1359
31 2163
31 698
31 739
31 2344
35 1359
54 1104
54 1740
54 1359
60 1288
60 1628
60 616
60 106
60 581
60 1068
60 1726
60 2652
60 1359
60 610
69 1987
69 392
69 1359
73 1359
73 1104
74 559
74 1137
74 1724
74 450
74 1215
74 1746
74 1752
74 877
74 1190
74 1359
74 1036
74 798
91 818
91 1359
91 157
91 156
102 282
102 1590
102 1359
112 1170
112 1359
112 2493
112 2644
112 1763
112 759
155 1239
155 1340
155 1445
155 1569
155 1359
155 2526
155 1753
155 1754
155 365
155 820
155 1755
155 327
156 1690
156 1764
156 157
156 1359
156 1737
156 818
157 1764
157 1359
157 1690
157 818
171 1359
171 1068
174 688
174 1359
174 1587
174 1034
175 1743
175 630
175 2335
175 1359
229 1872
229 1359
229 323
229 849
229 1722
245 1073
245 566
245 1359
245 1611
247 1688
247 1359
247 2516
247 937
290 1723
290 1359
327 1755
327 1359
334 1359
334 1695
338 1777
338 1359
338 1500
338 1215
342 2046
342 1359
342 614
342 1390
342 1547
347 1359
347 1000
358 1359
358 1155
358 658
358 2653
365 2643
365 1633
365 971
365 733
365 1307
365 820
365 1359
365 1757
365 1607
467 2547
467 1359
467 971
467 1306
467 1739
490 2391
490 2392
490 1359
502 1359
502 1766
525 980
525 553
525 2477
525 1359
525 1170
553 2202
553 1359
553 1170
581 1743
581 1359
581 1759
581 1766
581 2446
581 2445
581 745
610 1042
610 2449
610 2447
610 1359
610 884
610 2448
614 1359
617 2366
617 1359
617 2504
617 1740
627 2557
627 2559
627 1359
646 1901
646 1900
646 1899
646 1268
646 1359
646 951
646 1902
646 1496
646 1825
646 1827
646 892
646 1896
685 1359
685 1283
687 1359
687 2367
688 1172
688 1359
688 1722
688 1711
688 1547
688 2373
688 1726
688 1611
688 1034
688 2360
688 1587
690 1318
690 1359
690 1170
690 1293
690 1722
709 2213
709 1359
709 837
709 2217
745 1359
745 1155
749 1551
749 2554
749 1104
749 1359
749 1733
749 1375
749 1146
749 1569
749 1170
749 1618
755 1484
755 2451
755 1359
758 2422
758 1285
758 1359
759 1763
759 1359
759 2493
765 797
765 1359
765 1607
765 1613
797 1318
797 1104
797 1359
798 1359
798 2360
798 1834
798 801
820 1359
820 1607
824 1359
824 1170
824 2222
824 1766
832 1012
832 1734
832 1359
832 1639
832 2094
854 1763
854 1170
854 1359
874 1480
874 1359
874 1709
874 2314
877 1359
877 2169
877 2585
883 1359
903 1285
903 1605
903 1359
920 1359
930 1359
930 2628
952 1359
958 1686
958 1558
958 2168
958 2084
958 1155
958 1359
958 1758
971 1359
971 2366
979 1359
979 999
986 1359
986 1074
986 1150
1000 1359
1039 1359
1039 2504
1041 1318
1041 1766
1041 1170
1041 1359
1042 1359
1042 1244
1042 2449
1042 1467
1042 2391
1071 1073
1071 1359
1071 1471
1071 1726
1071 1168
1071 1830
1073 1799
1073 1798
1073 1484
1073 1734
1073 1785
1073 1479
1073 1804
1073 1741
1073 1805
1073 1806
1073 1801
1073 1802
1073 1506
1073 1726
1073 1800
1073 1359
1073 1803
1073 1263
1104 1761
1104 1749
1104 1124
1104 1888
1104 1481
1104 1889
1104 1719
1104 1887
1104 1521
1104 1285
1104 1359
1124 1359
1146 1170
1146 1359
1150 1987
1150 1895
1150 1359
1155 2516
1155 1743
1155 1715
1155 1716
1155 2515
1155 1359
1170 1738
1170 2493
1170 2221
1170 1720
1170 1721
1170 1732
1170 1715
1170 2477
1170 1735
1170 1359
1190 1359
1190 2360
1206 1359
1206 1762
1210 1359
1210 1738
1230 2440
1230 1309
1230 1359
1230 1750
1230 2443
1230 1255
1230 1385
1230 1507
1230 2442
1230 1628
1230 2441
1239 1359
1244 1359
1282 1359
1282 1749
1282 1747
1285 1605
1285 2451
1285 1359
1288 1359
1293 1318
1293 1359
1306 1359
1340 1754
1340 1359
1390 2598
1445 2324
1472 1647
1484 1727
1484 2209
1484 1621
1484 2084
1484 1736
1484 2114
1484 1744
1493 1766
1500 1777
1517 2613
1547 1805
1547 2170
1551 2084
1563 1766
1566 2366
1569 1730
1600 2442
1600 2461
1600 2615
1621 2451
1709 1858
1709 2315
1709 2314
1710 1987
1710 2366
1710 1740
1710 1739
1711 2445
1712 1732
1712 1766
1712 1731
1713 2447
1713 1726
1714 1899
1715 1728
1717 2447
1718 1732
1718 2561
1719 2686
1720 1766
1721 1766
1722 2477
1722 1762
1724 1725
1725 2216
1725 2217
1726 2597
1726 2414
1726 1746
1726 2335
1726 1741
1726 1735
1726 2598
1727 2169
1732 1756
1735 2598
1736 1777
1736 2325
1737 1764
1739 2367
1739 2366
1740 1887
1740 1751
1740 2222
1740 1767
1741 2392
1741 2391
1741 1805
1741 2393
1741 2390
1742 2594
1743 2444
1743 2308
1743 1750
1743 2446
1743 1759
1743 2445
1744 2451
1744 2114
1745 1766
1746 2597
1750 2447
1751 1766
1751 1767
1752 2597
1753 1755
1756 1766
1757 2643
1758 2452
1759 2467
1762 2176
1766 2493
1729 2556
1729 2258
1729 2600
1738 2617
1738 1889
1359 1766
1359 1744
1359 1724
1359 1739
1359 1600
1359 1767
1359 1761
1359 1605
1359 1732
1359 1755
1359 1493
1359 1765
1359 1647
1359 1709
1359 2598
1359 1763
1359 1710
1359 1743
1359 1738
1359 1741
1359 1747
1359 1757
1359 1484
1359 1760
1359 1751
1359 1481
1359 1718
1359 1563
1359 1730
1359 1551
1359 1712
1359 1472
1359 1748
1359 1711
1359 1750
1359 1500
1359 1716
1359 1445
1359 1731
1359 1740
1359 1745
1359 1713
1359 1714
1359 1547
1359 1715
1359 1717
1359 1719
1359 1722
1359 1385
1359 1517
1359 1720
1359 1566
1359 1733
1359 1721
1359 1621
1359 1723
1359 1725
1359 1726
1359 1390
1359 1727
1359 1728
1359 1729
1359 1734
1359 1735
1359 1736
1359 1569
1359 1737
1359 1742
1359 1746
1359 1749
1359 1752
1359 1753
1359 1754
1359 1756
1359 1758
1359 1759
1359 1762
1359 1764
