k : 2
Overall running time: 5.052s.
diameter : 8



ans.V.size: 
731 7 12 15 25 35 42 46 49 50 54 56 57 60 61 66 69 73 74 87 91 96 99 101 102 103 110 112 117 119 121 127 134 140 142 144 154 155 156 157 158 161 162 165 166 171 174 175 176 181 192 196 200 202 204 205 206 211 212 216 217 225 229 230 237 240 245 247 262 263 271 273 275 278 281 290 298 305 306 307 309 316 317 319 324 326 327 332 334 338 342 347 357 358 365 367 374 377 409 413 420 421 425 434 438 439 441 448 455 462 467 470 481 483 484 490 502 503 506 515 517 519 520 522 525 526 537 545 548 550 553 554 564 572 576 581 594 597 604 605 610 614 617 618 627 635 638 644 646 652 658 662 669 676 683 685 687 688 690 692 694 696 698 700 703 709 712 713 719 734 735 737 739 745 746 748 749 750 755 758 759 765 767 769 771 773 779 780 792 797 798 810 817 819 820 824 827 831 832 836 843 846 851 854 861 869 870 874 877 879 883 886 895 898 903 920 922 930 935 952 956 958 963 967 969 971 974 979 986 994 996 1000 1003 1004 1009 1013 1027 1039 1040 1041 1042 1043 1050 1059 1063 1071 1073 1074 1075 1081 1098 1101 1104 1105 1108 1111 1119 1124 1128 1138 1144 1146 1150 1153 1155 1170 1172 1179 1190 1200 1205 1206 1210 1219 1223 1230 1239 1240 1244 1249 1252 1269 1270 1271 1274 1278 1282 1285 1288 1292 1293 1298 1300 1302 1304 1306 1320 1333 1334 1335 1337 1338 1339 1340 1342 1344 1345 1349 1352 1353 1360 1363 1371 1377 1378 1383 1385 1390 1406 1445 1448 1464 1469 1472 1474 1475 1480 1481 1483 1484 1486 1493 1498 1500 1506 1509 1517 1518 1526 1527 1530 1540 1543 1547 1551 1563 1566 1569 1571 1573 1574 1578 1588 1600 1605 1610 1615 1616 1617 1621 1629 1631 1637 1647 1650 1652 1653 1655 1661 1668 1669 1672 1675 1677 1683 1684 1697 1702 1705 1709 1710 1711 1712 1713 1715 1716 1717 1718 1719 1720 1721 1722 1723 1724 1725 1726 1727 1728 1729 1731 1732 1734 1735 1736 1737 1738 1739 1740 1741 1743 1744 1745 1746 1747 1748 1749 1750 1751 1752 1753 1754 1755 1756 1757 1758 1759 1760 1761 1762 1763 1764 1765 1766 1767 1773 1777 1785 1788 1792 1798 1808 1811 1813 1818 1819 1822 1824 1831 1840 1853 1857 1858 1865 1868 1871 1872 1876 1880 1890 1892 1896 1899 1906 1913 1916 1917 1918 1919 1920 1921 1922 1923 1924 1925 1926 1928 1930 1942 1967 1969 1974 1975 1976 1977 1978 1979 1980 1981 1982 1983 1984 1987 1996 2009 2019 2023 2025 2026 2027 2036 2037 2038 2039 2040 2041 2042 2043 2047 2048 2049 2052 2053 2055 2057 2060 2073 2074 2075 2079 2095 2100 2103 2104 2106 2110 2111 2118 2119 2131 2136 2139 2152 2153 2155 2157 2163 2164 2165 2183 2190 2195 2228 2264 2275 2277 2292 2294 2295 2306 2310 2313 2344 2345 2356 2358 2385 2386 2389 2404 2406 2419 2420 2424 2428 2451 2468 2476 2486 2491 2495 2594 2598 2708 26 31 33 62 70 75 77 95 131 150 159 163 182 243 280 301 335 350 383 416 418 437 472 491 499 505 507 511 531 540 573 587 599 601 667 697 725 726 738 744 756 772 788 816 837 839 842 852 881 897 1028 1080 1086 1121 1122 1134 1157 1175 1196 1204 1216 1225 1289 1294 1310 1359 1395 1397 1400 1411 1417 1421 1422 1436 1449 1465 1488 1495 1501 1502 1522 1528 1536 1539 1567 1584 1593 1603 1626 1645 1656 1659 1662 1666 1676 1678 1714 1730 1733 1742 1841 1842 1843 1844 1845 1846 1847 1848 1849 1850 1851 1852 1870 1883 1895 1909 1910 1915 1927 1931 2011 2012 2013 2014 2015 2016 2017 2018 2020 2022 2035 2046 2137 2138 2154 2156 2166 2179 2186 2229 2281 2282 2283 2284 2296 2305 2396 2397 2398 909 1929 89 466 1014 1132 2072 2318 2395 1404 
7 1043
7 1603
7 374
7 1417
12 1656
12 1840
15 159
15 2035
25 1637
25 202
25 599
25 1702
35 1359
42 176
42 597
42 1915
46 734
46 1987
49 599
49 2042
50 2035
54 1104
54 1740
54 1359
56 1157
56 324
56 1984
56 788
56 652
56 2022
56 1080
56 61
56 772
56 211
56 816
57 1850
57 1617
57 413
57 448
60 610
60 1359
60 1288
60 581
60 1726
61 1528
66 2419
66 772
66 1157
66 1294
66 240
66 2022
66 1629
66 2420
69 1987
69 1359
73 1359
73 1104
74 1724
74 1746
74 1752
74 877
74 1190
74 798
74 1359
87 2035
87 2296
87 1337
91 1359
91 157
91 156
96 2075
96 735
96 2055
96 1629
96 694
96 2183
96 1603
96 335
96 1304
96 737
96 1536
99 1522
101 2057
101 1603
102 1359
103 1872
103 110
103 1252
103 1449
110 1773
110 237
110 2046
110 2095
110 1662
110 319
110 134
110 1788
110 564
110 1338
110 520
110 290
110 307
110 154
112 1170
112 1359
112 1763
112 759
117 1502
119 2166
119 1617
119 2011
119 455
119 1344
119 1539
119 1852
119 843
121 515
121 1843
121 484
121 2406
121 817
127 2046
127 307
127 237
134 2046
134 1785
140 2046
140 307
142 1003
142 2035
144 599
144 317
144 1702
154 2046
154 307
154 237
155 1239
155 1340
155 1445
155 1359
155 1569
155 1753
155 1754
155 365
155 820
155 1755
155 327
156 1737
156 1359
156 157
156 1764
157 1764
157 1359
158 599
158 1871
158 1702
161 744
161 746
161 1987
161 554
161 278
162 2011
162 843
165 212
165 211
166 2708
166 1474
166 599
171 1359
174 688
174 1359
175 1743
175 1359
176 597
176 2389
176 2136
176 956
176 1915
181 1808
181 792
181 2038
192 1792
192 2386
192 383
192 1678
200 1870
200 421
202 1702
202 599
202 298
202 1987
204 1870
205 416
206 1702
206 1870
211 1672
211 1615
211 2310
211 1080
211 1906
212 1909
212 1910
212 1395
212 357
216 1702
216 1987
216 2046
217 1702
217 1543
225 2035
225 1811
229 1872
229 1722
229 1359
230 1406
230 2119
230 1895
237 1073
237 2046
237 2047
237 1573
237 2079
237 307
240 2183
240 2022
240 1910
240 1760
240 2419
240 1377
245 1073
245 1359
247 1359
262 1895
262 1702
262 1480
262 874
263 1465
263 1352
271 839
271 2281
271 1196
271 1216
271 280
273 2013
275 749
275 750
278 554
278 974
278 1870
278 697
281 2156
281 1536
290 1723
290 1359
298 1543
298 599
305 1858
305 2424
306 1928
306 1417
307 1652
307 1573
307 309
307 1798
307 1773
307 1857
307 2079
307 1484
307 2047
307 974
307 1788
307 1252
307 2049
307 520
307 418
307 2046
307 1073
309 2046
316 1603
316 1922
316 409
317 1298
317 1822
317 1074
317 846
317 599
317 767
319 1702
319 2046
319 564
324 499
324 2023
326 1849
326 788
327 1755
327 1359
332 1528
334 1359
338 1777
338 1500
338 1359
342 1359
342 2046
342 614
342 1390
342 1547
347 1359
347 1000
357 2019
357 499
358 1359
358 1155
358 658
365 971
365 1359
365 820
365 1757
367 1987
367 1584
367 554
367 746
374 1043
377 1584
409 1842
409 526
409 2057
409 735
413 1617
413 1850
421 1870
425 1204
425 437
434 437
438 719
438 499
439 1984
439 788
439 1668
439 719
441 726
448 1617
448 1850
455 1662
455 974
455 2023
455 1918
455 2190
462 1204
462 2310
467 1359
467 971
467 1306
467 1739
470 2305
481 688
481 1711
481 599
483 1813
483 1808
483 1811
484 817
484 2406
490 1359
502 1359
502 1766
503 1977
506 1252
506 1449
515 1883
515 1979
517 1883
519 667
519 2424
520 837
520 599
520 1987
520 2046
522 599
525 553
525 1170
525 1359
526 2055
526 1629
526 2183
537 1895
545 2053
548 1702
548 599
550 1498
550 1811
553 1359
553 1170
554 746
554 1584
554 1996
554 1128
564 1702
564 1338
564 2046
572 697
572 1571
576 2284
581 1743
581 745
581 1766
581 1759
581 1359
594 1475
597 1915
604 1249
604 1822
604 2046
605 1915
605 2110
605 1352
605 1653
610 1042
610 1359
614 1359
617 1359
617 1740
618 2035
627 1359
635 2228
644 1539
646 1899
646 1896
646 1359
652 886
652 2025
652 1668
652 2157
658 1230
658 1741
658 1730
662 1883
662 1880
662 831
683 974
683 1225
685 1359
687 1359
688 1722
688 1726
688 1547
688 1711
688 1172
688 1359
690 1359
690 1170
690 1293
690 1722
692 2035
692 2131
694 1852
696 1683
696 1013
696 1337
698 1081
700 1702
700 2046
703 994
703 780
709 1359
709 837
713 851
713 1465
719 1417
719 2060
734 1063
734 2036
734 2012
734 1818
734 1683
734 1819
734 2292
734 2009
734 2305
735 2057
735 1842
735 737
737 1842
739 2163
739 1928
739 1081
745 1359
745 1155
746 1128
746 1996
746 1987
748 1539
749 1551
749 1104
749 1359
749 1733
749 1146
749 1569
749 1170
750 1334
750 2156
755 1484
755 2451
755 1359
758 1359
758 1285
759 1763
759 1359
765 797
765 1359
767 846
767 1298
769 1724
769 1725
769 1567
771 2118
771 1895
773 909
779 1225
779 1915
779 1371
779 1920
779 780
780 1371
780 1915
780 1593
780 1920
780 1225
780 1974
792 2131
792 2035
797 1104
797 1359
798 1359
810 2229
817 1843
817 2283
817 2406
817 1981
820 1359
824 1766
824 1359
824 1170
831 1915
832 1359
832 1734
836 1811
836 1655
836 1122
843 2017
851 1465
854 1763
854 1170
854 1359
861 1759
861 1528
869 1196
869 1527
869 2100
869 1845
869 1342
869 2277
870 1865
870 1702
874 1480
874 1709
874 1359
877 1359
879 886
883 1359
886 1040
886 2025
895 1846
898 1157
898 2296
898 1984
898 1411
898 1495
898 1153
903 1285
903 1605
903 1359
920 1359
922 1915
922 2294
930 1359
952 1359
956 1483
956 1915
958 1155
958 1758
958 1359
963 1063
963 1811
963 1666
963 1808
969 1987
971 1359
974 2154
974 1073
974 2017
974 2020
974 1584
979 1359
986 1359
986 1074
986 1150
994 2156
996 2386
996 1913
996 1310
1000 1359
1003 2035
1009 1417
1009 1923
1009 2060
1013 1798
1013 1337
1013 1683
1027 1304
1027 2035
1039 1359
1041 1766
1041 1170
1041 1359
1042 1244
1042 1359
1043 1119
1043 1629
1043 1927
1043 2053
1043 2055
1043 2052
1043 1518
1043 1926
1043 2074
1050 1895
1059 1196
1063 1811
1071 1726
1071 1073
1071 1359
1073 1798
1073 1506
1073 1359
1073 1741
1073 1726
1073 1484
1073 1734
1073 1785
1074 2164
1075 1676
1075 1502
1075 1677
1081 2345
1081 2163
1098 1870
1101 1702
1104 1359
1104 1749
1104 1285
1104 1761
1104 1481
1104 1719
1104 1124
1108 1811
1111 1225
1111 2296
1111 2026
1111 1121
1119 2156
1119 1417
1124 1359
1128 1584
1128 1987
1144 2156
1146 1170
1146 1359
1150 1987
1150 1895
1150 1359
1153 2156
1153 1928
1155 1715
1155 1743
1155 1716
1155 1359
1170 1738
1170 1721
1170 1715
1170 1732
1170 1720
1170 1359
1170 1735
1172 1910
1179 1530
1179 1909
1190 1359
1200 1717
1200 1600
1200 1567
1205 1603
1205 1840
1206 1762
1206 1359
1210 1738
1210 1359
1219 1928
1223 1225
1230 1359
1230 1385
1230 1750
1239 1359
1244 1359
1249 1652
1249 2046
1252 1449
1269 2310
1269 1930
1270 1631
1270 2228
1271 2035
1274 2035
1282 1359
1282 1749
1282 1747
1285 1359
1285 2451
1285 1605
1288 1359
1292 1661
1292 2155
1293 1359
1300 1811
1300 1702
1302 1543
1304 2164
1306 1359
1320 2035
1333 2025
1334 1974
1334 2313
1335 1702
1335 1543
1335 1578
1335 1942
1337 1798
1337 2035
1338 1702
1338 2046
1339 2386
1339 1913
1340 1754
1340 1359
1344 2166
1345 1929
1349 2164
1349 1811
1352 2283
1352 1536
1352 1363
1352 1593
1360 1465
1360 1915
1363 1915
1371 1920
1371 2486
1371 1976
1371 1526
1371 2275
1377 1849
1378 1841
1378 2389
1383 2284
1390 2598
1406 1509
1406 1895
1448 1929
1472 1647
1474 2708
1475 1909
1480 1895
1480 1702
1483 1974
1484 1621
1484 1727
1484 1744
1484 1736
1486 1915
1493 1766
1498 2035
1500 1777
1509 1895
1509 2118
1526 1974
1526 1915
1527 1978
1527 1880
1527 1982
1527 2100
1530 1909
1540 1915
1543 1578
1543 1942
1563 1766
1569 1730
1573 1777
1588 2155
1610 1792
1610 1913
1615 2035
1615 1672
1616 1666
1617 1850
1621 2451
1629 2055
1629 2057
1629 2022
1631 2228
1637 1702
1652 2046
1653 1849
1655 2035
1661 2155
1672 1930
1672 2138
1672 1969
1672 2137
1675 1915
1677 1915
1677 1976
1683 2190
1683 2292
1684 1974
1697 1714
1702 1876
1702 1847
1702 1868
1702 1870
1702 1858
1702 1872
1702 1857
1702 1871
1702 1853
1702 1865
1705 1913
1705 1987
1709 1858
1710 1987
1710 1740
1710 1739
1712 1732
1712 1766
1712 1731
1713 1726
1715 1728
1718 1732
1720 1766
1721 1766
1722 1762
1724 1725
1726 1741
1726 1735
1726 1746
1726 2598
1732 1756
1735 2598
1736 1777
1737 1764
1740 1751
1740 1767
1743 1759
1743 1750
1744 2451
1745 1766
1751 1767
1751 1766
1753 1755
1756 1766
1773 2046
1777 2079
1777 2046
1785 2046
1788 1811
1788 2046
1792 2046
1808 2035
1811 1813
1811 1824
1811 1822
1811 1870
1811 1819
1811 1818
1813 1987
1813 2035
1819 2306
1831 2046
1853 2046
1857 2046
1868 2118
1871 1987
1876 1987
1890 1892
1890 2035
1890 2040
1890 2131
1892 2131
1892 2035
1906 1915
1913 2104
1913 2103
1921 1927
1924 1928
1925 1928
1928 1929
1928 1930
1928 1931
1930 2035
1969 2035
1974 1976
1974 1975
1974 1977
1976 2111
1976 2110
1980 2406
1980 2179
1980 1981
1981 2406
1984 2035
1987 2009
1987 1996
2019 2020
2025 2157
2025 2179
2026 2027
2027 2046
2040 2043
2047 2049
2073 2183
2103 2386
2104 2386
2110 2111
2118 2119
2136 2283
2152 2424
2153 2386
2163 2164
2165 2283
2228 2229
2264 2491
2344 2345
2345 2476
2356 2358
26 2318
26 1345
26 1302
26 2012
31 1359
31 739
31 1417
31 2163
31 2344
31 698
33 1974
33 280
33 519
33 1851
62 1417
62 1081
62 2313
62 2163
62 1310
70 1921
70 2190
70 1915
70 1014
70 1927
70 1352
70 605
75 2053
75 587
75 545
75 1518
75 1119
75 2156
75 1043
75 1417
75 2420
77 2019
77 2179
77 89
95 1650
95 1967
95 2358
95 935
95 676
95 2356
95 2264
95 734
95 2491
95 587
95 196
131 2018
131 1983
150 1656
150 2026
150 1417
150 1081
159 2035
159 181
159 1702
163 1175
163 1269
163 1668
163 324
182 1465
182 1360
182 1684
182 1014
243 280
243 1132
243 839
243 2281
280 2281
280 667
280 2345
280 305
280 839
280 1196
280 2166
280 503
280 2424
301 416
301 635
335 694
335 1014
350 2428
350 420
350 466
383 2035
383 1204
416 1909
416 2015
416 1645
416 2179
416 1528
416 1175
416 1851
416 852
416 2183
416 526
416 594
416 1310
416 1844
416 1678
416 738
416 1848
416 819
416 967
418 2035
418 1073
418 2495
418 1872
437 1495
437 886
437 1982
437 1132
437 1983
437 1980
437 1981
437 1978
437 484
437 669
437 817
437 499
437 1979
437 1333
437 879
437 1040
472 2395
472 2014
472 1014
491 1880
491 1132
491 1982
491 1310
491 827
491 2100
491 1464
491 1974
491 2106
499 1653
505 1974
505 2397
505 2395
507 1915
507 1014
507 1353
507 1919
511 1132
511 1172
511 1014
531 2095
531 1506
531 1014
540 712
540 2156
540 1617
573 2419
573 2026
573 1417
587 1225
587 2156
587 1219
599 767
599 1108
599 1004
599 1300
599 2139
599 1871
599 1302
599 969
599 2708
599 1824
599 1474
599 1865
599 846
599 1101
599 1574
599 1876
599 1298
599 1637
599 638
599 1822
599 870
601 2395
667 1974
667 1851
697 1571
725 2396
725 2395
725 1345
726 1653
726 2072
726 1138
726 1105
738 1631
738 1270
738 2137
738 2179
738 1975
744 1987
744 746
744 1571
744 1240
756 1899
756 1278
756 2072
772 1157
772 1081
816 1345
816 2019
816 2018
816 1175
837 2079
837 1344
837 2404
837 1132
837 1014
837 1573
839 869
839 1132
839 2281
842 2035
852 1310
852 2019
881 1014
881 974
1028 2395
1080 1915
1080 1219
1086 2110
1086 2111
1086 2395
1086 1422
1121 1584
1121 2195
1121 2026
1122 1656
1122 1411
1122 1132
1122 1811
1122 2137
1134 1539
1134 2186
1134 1501
1175 2395
1175 1913
1204 1216
1204 1411
1204 2156
1204 1843
1216 1895
1225 2153
1225 2154
1225 1661
1225 1920
1225 1852
1225 1371
1225 1588
1225 1292
1225 1733
1225 2157
1225 1976
1225 2152
1225 1584
1225 1342
1225 1527
1225 2156
1225 1849
1225 2155
1225 1526
1289 1310
1294 2419
1310 1626
1310 1742
1310 2016
1310 2179
1310 1883
1310 1339
1310 2104
1310 2103
1310 1678
1359 1766
1359 1744
1359 1724
1359 1739
1359 1600
1359 1767
1359 1761
1359 1732
1359 1605
1359 1755
1359 1730
1359 1563
1359 1493
1359 1765
1359 1647
1359 1709
1359 2598
1359 1763
1359 1710
1359 1743
1359 1738
1359 1741
1359 1747
1359 1757
1359 1484
1359 1760
1359 1751
1359 1481
1359 1718
1359 1551
1359 1712
1359 1472
1359 1748
1359 1711
1359 1750
1359 1500
1359 1445
1359 1731
1359 1740
1359 1745
1359 1713
1359 1714
1359 1547
1359 1715
1359 1716
1359 1717
1359 1719
1359 1722
1359 1385
1359 1517
1359 1720
1359 1566
1359 1733
1359 1721
1359 1621
1359 1723
1359 1725
1359 1726
1359 1390
1359 1727
1359 1728
1359 1729
1359 1734
1359 1735
1359 1736
1359 1569
1359 1737
1359 1742
1359 1746
1359 1749
1359 1752
1359 1753
1359 1754
1359 1756
1359 1758
1359 1759
1359 1762
1359 1764
1395 2138
1397 2396
1397 2395
1397 1422
1397 1400
1397 2110
1397 2229
1400 1502
1400 2395
1400 2310
1400 2228
1411 1656
1417 1923
1417 1922
1417 1469
1417 1925
1417 1603
1417 1927
1417 1924
1417 1926
1421 2397
1421 1422
1421 2395
1422 1976
1422 2395
1422 2110
1422 2111
1436 2060
1436 2072
1436 1928
1449 2035
1449 2046
1465 1684
1465 1483
1465 1915
1488 2018
1488 1850
1488 1502
1488 2138
1501 1539
1501 2186
1502 2229
1502 1677
1502 2396
1528 2275
1528 1669
1528 2451
1536 2294
1536 1917
1536 2156
1539 1843
1539 2186
1567 1896
1567 2072
1567 1733
1584 1996
1584 2026
1593 2486
1593 1915
1593 2072
1603 2055
1603 2074
1603 2075
1603 2073
1626 1730
1656 1843
1656 2137
1656 1895
1656 1840
1656 2385
1656 2283
1656 2296
1659 2019
1662 1852
1666 2035
1666 1702
1676 1915
1676 1677
1678 1909
1714 1899
1742 2594
1841 2072
1842 2057
1843 2282
1843 1980
1843 1981
1843 2406
1845 2277
1847 2118
1847 1868
1847 2358
1849 1910
1849 2420
1850 1915
1852 2486
1870 2310
1895 2035
1895 2118
1895 2119
1910 2306
1915 1918
1915 1921
1915 1916
1915 1917
1915 2389
1915 1919
1915 1920
1927 2053
1927 2190
1927 2052
2011 2017
2016 2072
2017 2072
2018 2468
2022 2419
2035 2037
2035 2041
2035 2039
2035 2043
2035 2131
2035 2042
2035 2038
2035 2040
2035 2036
2046 2047
2046 2048
2046 2049
2154 2156
2156 2296
2156 2294
2156 2295
2229 2396
2229 2395
2282 2406
2305 2386
909 1014
1929 2318
1929 2476
89 1659
89 1289
89 697
89 1733
89 1714
89 2013
89 1310
89 163
89 1495
89 2012
89 2011
89 1678
89 1742
89 816
89 131
89 2018
89 1848
89 738
89 2395
89 852
89 1909
89 301
89 2017
89 1175
89 842
89 2015
89 1528
89 744
89 1883
89 2179
89 2016
89 499
89 416
89 2014
89 1395
466 1404
466 2305
466 897
466 1870
1014 1404
1014 1626
1014 1848
1014 1522
1014 1843
1014 1584
1014 1842
1014 1841
1014 1730
1014 1846
1014 1844
1014 1645
1014 1851
1014 1850
1014 1465
1014 1676
1014 2046
1014 1121
1014 1845
1014 1849
1014 1294
1014 1852
1014 1662
1014 1847
1132 2281
1132 1134
1132 1216
1132 1539
1132 2283
1132 1501
1132 1656
1132 2284
1132 2156
1132 1931
1132 2186
1132 1225
1132 1910
1132 2282
2395 2397
2395 2398
2395 2396
1404 2318
