2708 5278
1 634
1 1863
1 2583
2 3
2 653
2 655
3 1987
3 333
3 1667
3 1455
4 2545
5 2177
5 1017
5 1762
5 1257
5 2176
6 1630
6 2547
6 1660
7 1417
7 1603
7 1043
7 374
8 209
9 282
9 1997
9 270
10 2615
10 724
11 477
11 2546
12 1656
12 1840
13 2662
13 1002
13 1319
13 2663
14 1811
14 1702
15 2035
15 2076
15 159
15 2078
15 2669
16 2368
16 1094
16 1091
16 1272
17 2445
17 1633
17 971
17 2643
18 25
18 2141
18 1317
18 1316
18 928
19 2083
19 140
19 1787
19 1561
19 2146
20 1940
21 1073
21 2375
21 2376
21 2270
21 2271
22 1044
22 2311
23 1704
23 1703
23 2239
23 40
23 1235
24 2160
25 1702
25 2140
25 1637
25 2142
25 599
25 202
26 1345
26 2012
26 1302
26 2318
27 2455
27 2456
27 124
27 100
27 123
28 1811
28 607
28 2361
28 2579
29 1688
30 964
30 2646
31 1359
31 1417
31 2163
31 698
31 2344
31 739
32 1595
33 1974
33 280
33 519
33 1851
34 2120
34 912
34 589
34 1052
34 2121
34 287
34 2041
34 2122
34 699
35 1359
36 1297
36 1914
36 896
37 1147
37 1641
37 1506
37 2107
37 1782
37 2095
37 1553
37 2108
38 2428
38 1191
38 61
39 430
39 1161
39 863
39 864
40 1635
40 1966
40 1350
40 1533
40 1523
40 2358
41 508
41 867
41 1365
42 1915
42 645
42 176
42 597
43 1373
43 88
44 964
44 2400
44 2401
44 153
44 1654
44 1531
45 1583
45 2625
45 2702
46 1987
46 734
46 2304
46 1220
46 2668
46 2669
47 2367
47 1605
48 1580
48 164
49 599
49 1667
49 2472
49 2206
49 1032
49 2042
49 1663
49 715
49 2207
50 2035
50 1667
51 1442
52 711
52 2215
52 2216
52 2214
52 458
52 1393
53 1468
53 2173
53 2183
53 1140
53 2054
54 1359
54 1104
54 1740
55 768
55 402
56 211
56 1984
56 788
56 2021
56 1157
56 772
56 61
56 816
56 2022
56 324
56 652
56 1080
57 1617
57 413
57 448
57 1850
58 2419
59 1716
60 1359
60 1726
60 1628
60 610
60 616
60 1288
60 2652
60 106
60 581
60 1068
61 1528
62 1417
62 1310
62 2163
62 2313
62 1081
63 486
64 1323
65 1738
65 1210
65 2617
66 1629
66 2419
66 2420
66 544
66 620
66 1294
66 1157
66 772
66 2022
66 240
67 2632
68 541
68 283
68 2629
69 1359
69 1987
69 392
70 1014
70 1915
70 1927
70 1352
70 605
70 1921
70 2190
71 442
71 2185
72 1987
72 207
72 2692
73 1359
73 1104
74 1359
74 798
74 450
74 1137
74 559
74 1724
74 1190
74 877
74 1215
74 1746
74 1752
74 1036
75 1417
75 587
75 1043
75 2156
75 545
75 2420
75 1119
75 1518
75 2053
76 2223
76 2224
76 2225
76 2226
76 85
76 584
77 89
77 2019
77 2179
78 660
78 1804
79 1419
79 1330
79 1220
80 2098
80 604
81 258
81 2050
81 1118
82 2181
82 348
82 528
82 424
83 1635
83 1139
84 1521
84 2582
85 2225
85 285
85 2224
85 2227
86 1066
86 2488
86 2489
87 1337
87 2035
87 430
87 2296
88 843
88 2165
89 2011
89 131
89 2012
89 1678
89 2013
89 2014
89 1714
89 1659
89 1395
89 1289
89 499
89 697
89 1883
89 852
89 744
89 2015
89 1733
89 163
89 842
89 1495
89 1909
89 1742
89 1175
89 1310
89 301
89 1528
89 1848
89 816
89 2016
89 2017
89 2018
89 416
89 738
89 2395
89 2179
90 1088
90 885
90 1402
90 2464
90 1158
90 1095
90 259
90 1654
90 1531
90 1586
91 1359
91 818
91 156
91 157
92 2123
92 2002
92 331
92 2381
92 2124
92 1047
93 899
93 1837
94 2152
94 551
94 1496
94 951
95 1967
95 587
95 734
95 1650
95 2491
95 196
95 2356
95 935
95 2264
95 2358
95 676
96 1536
96 1839
96 2201
96 2202
96 2198
96 2200
96 2182
96 2055
96 862
96 335
96 1304
96 735
96 737
96 2075
96 1629
96 1603
96 694
96 457
96 2184
96 2183
96 1581
97 2218
98 662
98 1354
99 1522
100 124
100 2455
100 2456
100 123
100 2605
101 1603
101 2057
102 1359
102 282
102 1590
103 1624
103 110
103 1879
103 1449
103 2257
103 1252
103 1872
103 1562
104 140
104 485
104 307
104 609
104 1791
104 1776
105 2211
105 865
105 402
105 1066
106 1722
106 2652
106 2477
107 2462
108 542
108 1114
108 972
108 1651
109 2158
109 1648
109 2210
110 1625
110 2046
110 237
110 307
110 125
110 1770
110 290
110 2093
110 460
110 319
110 2094
110 1773
110 1046
110 1786
110 1338
110 1999
110 1788
110 611
110 1790
110 1780
110 1347
110 154
110 520
110 134
110 1806
110 427
110 564
110 2095
110 177
110 2096
110 1662
111 1263
111 568
111 2280
111 1162
111 1600
112 1359
112 1170
112 2644
112 759
112 2493
112 1763
113 1624
113 488
113 307
113 2081
114 541
114 748
114 1885
115 2289
115 611
115 2507
116 974
117 1077
117 1502
118 260
118 2538
119 1617
119 389
119 2011
119 843
119 2031
119 447
119 256
119 1344
119 2166
119 555
119 582
119 1691
119 1508
119 2113
119 1030
119 2167
119 1539
119 455
119 1852
120 647
120 1960
120 380
120 1550
120 1902
120 1538
121 515
121 2406
121 1843
121 484
121 817
122 1911
122 981
122 803
122 1159
122 2252
122 590
122 2253
123 2455
123 2456
124 2456
124 2605
125 307
125 1368
125 1623
125 2479
126 459
126 2364
127 1624
127 2046
127 237
127 307
127 1552
127 2080
128 2605
129 234
129 393
129 371
129 2271
130 442
130 702
131 2018
131 1983
132 2170
132 835
133 905
133 1023
133 1960
133 380
133 480
134 1624
134 2046
134 1671
134 2083
134 1778
134 453
134 400
134 1785
135 407
136 138
136 2145
136 2096
137 832
138 2145
138 2330
138 2505
139 237
139 307
139 1777
140 1624
140 661
140 1781
140 911
140 2046
140 307
141 583
141 624
142 2035
142 1003
142 741
143 2050
143 1629
143 526
143 2182
143 457
144 1702
144 599
144 317
145 2193
145 1594
145 146
145 214
146 214
146 538
146 1594
146 1166
146 2623
147 1928
147 2060
147 898
147 1469
147 1908
148 1977
148 1520
149 715
149 2519
149 603
149 382
149 379
150 1417
150 2026
150 1656
150 1081
151 311
151 1943
151 915
152 1987
152 2237
152 2239
152 2336
153 2239
153 2241
153 885
154 1624
154 2046
154 237
154 460
154 307
155 1359
155 2526
155 1445
155 1340
155 1239
155 1569
155 365
155 327
155 1753
155 1754
155 1755
155 820
156 1359
156 818
156 1737
156 1690
156 1764
156 157
157 1359
157 818
157 1690
157 1764
158 1702
158 599
158 1871
158 2494
159 1702
159 2035
159 181
160 2309
160 181
161 1987
161 746
161 278
161 744
161 2001
161 2010
161 554
162 2011
162 843
163 324
163 1668
163 1175
163 1269
165 211
165 212
166 599
166 1474
166 2707
166 2708
167 272
167 2618
168 2438
168 1057
168 169
168 2483
169 2438
169 2439
170 1995
170 2707
171 1359
171 1068
172 791
172 1549
172 776
173 757
173 1693
173 2188
173 241
173 513
174 1359
174 688
174 1034
174 1587
175 1359
175 1743
175 630
175 2335
176 1915
176 2389
176 956
176 597
176 2218
176 2136
177 974
177 232
178 2680
178 2683
178 1640
178 727
179 834
180 1987
180 232
180 198
181 2038
181 1808
181 1021
181 2077
181 792
181 2005
181 791
181 776
182 1014
182 1465
182 1360
182 1684
183 184
183 998
184 1838
184 998
185 521
186 2004
186 298
187 2703
187 1673
187 2581
187 1229
187 1320
187 1537
188 1209
189 1170
189 1728
190 1073
190 1263
190 1510
190 565
191 2136
191 492
192 609
192 383
192 1678
192 1999
192 2386
192 1792
193 2473
194 442
194 459
195 1051
195 1452
195 2647
195 2565
195 474
196 2425
197 430
197 2123
197 443
198 232
198 2413
199 1256
200 1870
200 421
201 2677
201 1440
202 1702
202 1987
202 599
202 2431
202 571
202 298
203 1251
203 354
203 1174
203 1346
204 858
204 855
204 1116
204 964
204 1870
205 416
206 1702
206 1870
207 2692
208 834
210 2682
211 1906
211 1615
211 1627
211 1907
211 1908
211 1080
211 1672
211 2310
212 357
212 1395
212 1909
212 1910
213 1291
214 2193
214 1594
215 2195
216 1702
216 1987
216 2046
217 1702
217 1543
218 2474
218 2475
218 244
219 734
219 483
219 2120
219 1383
219 1021
219 2077
219 793
219 1349
219 782
219 2595
219 2092
220 1414
220 1543
220 508
221 914
221 377
221 818
222 818
223 822
224 1762
224 1155
224 745
225 1811
225 2035
226 2256
227 1702
228 884
228 535
229 1359
229 1872
229 1722
229 323
229 849
230 1895
230 1054
230 1406
230 2119
231 1811
231 550
231 578
231 1096
231 1218
232 1702
232 388
232 233
232 2218
232 552
232 1869
233 1702
233 1987
233 870
233 1865
235 611
235 2592
236 1702
237 1073
237 2046
237 1573
237 2047
237 2079
237 2080
237 307
238 2540
239 1829
240 2183
240 1377
240 1275
240 620
240 1070
240 1221
240 888
240 2419
240 1760
240 1910
240 911
240 2022
241 757
241 1473
241 513
241 1693
242 1442
243 1132
243 280
243 2281
243 839
244 474
244 2648
244 2649
244 2475
245 1359
245 1073
245 566
245 1611
246 783
246 1163
247 1359
247 1688
247 937
247 2516
248 2584
249 1965
249 1265
249 1532
250 1979
250 1885
250 622
251 2430
252 1414
252 1543
252 508
252 1301
252 1934
252 254
252 813
253 1974
253 712
253 974
253 2486
254 1414
254 508
255 508
255 1212
256 1344
256 2113
256 1267
257 757
258 2181
258 1389
258 965
259 1241
259 964
259 2646
259 1095
259 1154
259 1402
260 2538
261 366
262 1702
262 874
262 1895
262 1480
263 1465
263 1352
264 1104
264 365
264 733
265 1903
265 1827
265 473
265 845
266 1442
267 579
267 2228
267 2230
267 810
268 671
268 2001
268 2374
269 1741
269 2452
270 322
270 419
270 2544
270 2552
271 280
271 2281
271 1196
271 1216
271 839
272 2388
272 1971
272 639
272 2499
273 2013
274 375
274 847
275 750
275 749
276 1968
276 806
277 1464
277 1696
277 2134
278 974
278 554
278 1870
278 697
279 1186
280 2281
280 2345
280 1196
280 667
280 2424
280 2166
280 305
280 839
280 503
281 2156
281 1536
282 2248
282 2245
282 1348
282 1001
282 1383
282 747
283 748
284 2251
284 1560
285 2223
285 2224
285 2227
285 2225
285 2226
285 584
286 2000
286 503
287 443
287 699
288 2706
289 619
290 1359
290 1723
291 688
291 2360
291 1766
291 329
291 568
292 1693
293 2563
294 2039
295 307
295 2048
296 1178
296 1177
297 2686
297 733
298 1543
298 599
298 900
299 1326
299 1096
299 608
300 2384
300 2499
300 1485
300 2387
300 2388
301 416
301 635
302 1170
302 2493
303 307
303 1159
303 720
303 351
303 1254
304 2144
304 1671
304 720
305 1858
305 1173
305 2424
306 1417
306 1928
307 1073
307 2046
307 974
307 609
307 543
307 656
307 1573
307 1771
307 574
307 2085
307 1552
307 1798
307 1657
307 2086
307 959
307 1857
307 1585
307 1772
307 1652
307 2087
307 1010
307 1194
307 2088
307 1641
307 2047
307 1773
307 1484
307 1799
307 2079
307 1046
307 1491
307 1800
307 1159
307 2089
307 2081
307 330
307 1246
307 2090
307 1706
307 1776
307 1788
307 351
307 888
307 1252
307 1803
307 418
307 555
307 477
307 1780
307 1347
307 582
307 1782
307 453
307 1805
307 488
307 520
307 309
307 1806
307 1783
307 427
307 657
307 2091
307 2049
307 2092
307 1368
307 720
307 911
308 992
309 2046
309 1671
309 351
309 1254
310 2306
310 2269
310 384
311 1242
311 353
311 991
311 1948
311 1949
311 1816
311 893
311 1950
311 1582
311 1273
311 1945
311 1946
311 1947
311 1951
311 1332
311 876
312 344
312 691
312 1133
312 1866
313 1741
313 1611
313 1723
314 2297
315 1624
315 2001
316 1922
316 409
316 2233
316 424
316 1603
317 599
317 767
317 1074
317 921
317 1822
317 2005
317 1298
317 846
317 1869
318 1625
318 1786
319 1702
319 2046
319 564
320 1206
321 1598
321 349
322 1451
322 1084
324 2021
324 499
324 2023
325 2195
325 828
325 2157
326 788
326 1849
327 1359
327 1755
328 929
328 1997
328 1326
328 2064
328 2065
329 1251
329 952
330 2599
330 1799
331 1506
331 2124
332 1528
332 2481
333 2616
333 666
333 2004
333 2123
334 1359
334 1695
335 1014
335 694
336 1702
336 1987
337 1945
337 1951
338 1359
338 1777
338 1215
338 1500
339 1414
339 1543
339 1935
340 814
341 585
341 2464
342 1359
342 2046
342 614
342 1547
342 1390
343 1073
343 1513
344 1702
345 662
345 442
345 855
345 2324
345 390
346 834
347 1359
347 1000
348 526
348 409
348 424
349 2249
349 2251
349 1644
350 466
350 2428
350 420
351 1624
351 2085
351 2086
351 1641
351 2090
351 1776
351 1779
351 1783
351 657
351 2091
351 407
352 1811
353 1945
353 1295
354 2508
354 1174
354 1346
355 660
355 1804
355 2454
356 1669
357 2019
357 2117
357 1260
357 499
358 1359
358 1155
358 658
358 2653
359 2643
360 1484
360 390
360 1621
361 1825
361 1410
362 2682
363 1967
364 1004
365 1359
365 1633
365 971
365 2643
365 1607
365 1757
365 1307
365 733
365 820
366 2470
367 1987
367 746
367 1584
367 554
368 2084
368 2452
369 1546
369 429
369 997
369 1367
369 1195
369 2250
369 2394
370 386
370 2485
371 1409
371 1415
371 2270
371 1416
372 1416
372 1415
372 1554
372 1442
372 1355
372 721
372 2376
373 1835
373 1711
373 2378
373 627
374 1043
374 1026
375 2147
375 2150
375 414
375 847
375 2148
375 1102
376 964
376 2402
376 2435
376 2436
377 1584
377 673
378 734
378 1266
378 679
378 2292
379 603
380 1899
380 905
380 1023
380 1960
381 931
381 2570
381 478
382 2519
382 2539
383 2035
383 1204
384 734
384 1705
384 2269
385 1624
385 1625
386 2484
386 2485
387 2115
387 2116
387 2118
388 520
388 2192
389 2498
389 1900
390 1484
390 705
390 2451
390 1744
390 1078
390 906
391 1109
392 1987
392 2366
392 494
393 1416
393 1826
393 721
393 1620
393 2270
394 740
395 1064
395 578
395 2352
395 850
395 1065
396 2368
396 641
396 1148
397 1989
397 1218
398 2330
398 880
398 666
398 1097
399 731
399 2178
400 1090
400 545
400 1770
400 2108
401 1355
402 1066
402 1161
402 734
402 1097
403 1414
403 1543
403 508
403 777
403 1941
403 1933
403 1937
404 1743
404 465
404 2504
404 1038
404 2655
404 807
404 1384
405 1477
405 1171
406 1928
406 2060
406 1276
406 739
407 506
407 2506
408 1682
408 1683
408 696
408 410
409 526
409 735
409 1842
409 2057
410 1625
410 1682
410 2085
411 1180
411 677
412 1489
412 1097
412 1578
412 2610
413 1617
413 1850
415 712
416 1678
416 1844
416 594
416 967
416 738
416 852
416 819
416 2015
416 1909
416 2179
416 1175
416 1645
416 1310
416 1528
416 1848
416 1851
416 526
416 2183
417 1702
417 520
418 1073
418 2035
418 1872
418 2495
421 1870
422 2217
422 2214
423 546
424 526
424 528
425 437
425 1204
426 2467
427 1806
427 1783
427 1778
427 1790
427 488
427 1773
428 566
428 1529
429 2249
429 2672
429 1258
429 997
430 2044
430 1494
430 1808
430 2045
430 1619
430 1890
430 795
430 2002
430 2042
430 1670
430 524
430 706
430 864
431 2131
432 2695
432 2696
433 1598
433 1443
434 437
434 757
435 1525
435 1694
435 2409
435 2134
435 1118
436 734
436 1913
436 487
437 1978
437 1979
437 879
437 1980
437 1040
437 817
437 499
437 1333
437 886
437 1495
437 669
437 484
437 1981
437 1982
437 1983
437 1132
438 1986
438 1496
438 951
438 719
438 499
439 1984
439 788
439 1985
439 1986
439 719
439 1668
440 1170
440 1643
441 1297
441 2180
441 442
441 726
441 1914
441 896
442 1538
442 672
442 1456
442 2185
442 2095
442 455
443 628
443 2363
443 589
443 1052
443 2121
443 699
444 1967
444 1011
444 1532
444 1265
445 583
445 489
445 624
445 516
445 2290
445 2291
445 2465
445 829
446 1435
446 910
447 904
447 1508
448 1617
448 1850
448 2639
449 1825
449 1903
449 1827
449 473
450 1835
450 1281
450 2582
451 1570
451 2539
452 672
452 936
452 2286
453 1624
453 1259
454 2306
454 1807
454 2307
455 974
455 2189
455 2190
455 1442
455 1918
455 2191
455 582
455 2023
455 1662
456 2487
456 2148
456 1665
457 526
457 2055
457 668
457 2348
457 2200
457 2473
457 545
457 1581
458 2217
458 1202
458 2216
459 1123
459 1954
459 1556
459 1277
460 1624
460 1682
461 1987
461 1990
461 2533
462 2310
462 1204
463 1049
464 1965
464 1704
464 1703
464 1967
465 2445
465 2446
465 1759
466 1404
466 897
466 1870
466 2305
467 1359
467 2547
467 971
467 1739
467 1306
468 1702
468 1709
468 1173
469 648
469 1312
469 1314
470 2413
470 2305
470 621
471 858
471 855
471 1116
471 653
471 1098
472 1014
472 2395
472 2014
473 1826
473 560
473 845
473 1184
473 1183
473 2030
474 1576
474 2648
475 1182
476 2220
477 1987
477 1141
477 1801
478 2570
478 931
479 515
479 2025
479 1979
480 1881
481 599
481 688
481 2360
481 1711
481 2373
481 1427
482 1811
482 2292
482 824
482 1288
483 2231
483 1813
483 1815
483 1808
483 2308
483 2309
483 791
483 1811
484 2406
484 817
485 543
485 2082
485 2047
485 1700
485 1368
485 1776
486 1043
486 840
486 2220
487 2078
487 2668
487 2669
488 656
488 2027
488 1774
488 1799
488 2081
488 1706
488 860
488 1783
488 1773
489 2548
490 1359
490 2391
490 2392
491 1974
491 2106
491 1880
491 827
491 2100
491 1310
491 1464
491 1982
491 1132
493 1258
493 957
493 1534
493 689
493 2679
493 2674
493 2539
494 1760
494 1245
495 2615
496 2193
496 1329
496 1328
497 712
497 597
497 993
498 2420
499 1653
500 2458
500 2459
501 2242
502 1359
502 1766
503 1977
504 1693
504 577
504 2002
505 1974
505 2395
505 2397
506 574
506 1181
506 1305
506 1449
506 1259
506 844
506 1252
506 1780
506 1561
506 2084
507 1014
507 1915
507 1919
507 1353
508 1941
508 1932
508 1212
508 1364
508 1942
508 1934
508 1414
508 1177
508 1301
508 813
508 1937
508 2509
509 2326
510 1102
510 2147
510 2149
511 1014
511 1132
511 1172
512 1811
512 550
513 757
513 1473
513 1693
514 566
514 1529
514 658
515 1979
515 1883
515 1315
516 2465
516 624
516 2548
516 2466
516 1103
517 2105
517 1883
518 2106
518 953
519 667
519 2424
519 1374
520 2046
520 1575
520 1671
520 837
520 1999
520 1987
520 1347
520 599
522 599
523 2098
524 950
524 2407
525 1359
525 980
525 2477
525 1170
525 553
526 1541
526 2181
526 2182
526 2055
526 2183
526 1629
526 2184
526 2058
526 2173
527 566
527 1743
527 1217
527 1008
529 804
530 1420
530 1418
530 2261
531 1014
531 2095
531 1506
532 607
532 2309
533 1702
533 1864
534 1743
534 2467
535 630
535 610
535 934
536 2642
536 2393
537 1895
537 568
538 2193
538 1699
538 1594
538 1166
539 1287
540 1617
540 712
540 2156
541 1442
541 2528
541 748
542 905
542 648
542 1897
542 1361
542 1023
543 1624
543 1246
544 985
545 2200
545 1770
545 2348
545 2053
545 1581
547 1609
547 2128
548 1702
548 599
549 2139
549 810
549 844
549 1938
549 1524
550 1811
550 1498
552 2389
553 1359
553 1170
553 2202
554 1996
554 1128
554 746
554 1584
554 2010
555 686
556 1464
557 1624
557 1806
558 1726
559 2586
559 877
559 1707
559 1190
560 1183
560 1580
561 2527
561 775
562 1017
563 1484
563 1736
563 705
563 2451
564 1702
564 2046
564 1338
565 1263
565 2477
566 1399
566 1362
566 1611
566 1724
566 1529
566 2280
566 1039
566 688
567 1987
567 1908
568 761
568 1263
568 632
568 1514
569 1811
569 1117
569 1224
570 1760
570 2513
571 2431
572 697
572 1571
573 1417
573 2026
573 2419
574 644
574 1314
574 2408
575 1693
575 577
575 2002
576 2284
577 1811
577 666
577 2349
578 1519
578 871
578 907
578 2352
578 2353
578 2354
578 2355
578 850
578 1064
578 1130
579 1880
579 1975
579 1106
580 1809
580 995
580 1135
581 1359
581 745
581 2445
581 1743
581 2446
581 1759
581 1766
582 1624
582 1793
582 1617
583 2549
583 2550
584 2225
584 2226
585 624
585 2464
585 2290
585 2465
586 2527
587 1225
587 1219
587 2156
588 1033
589 2384
589 699
590 1625
590 1159
590 981
591 1955
591 1442
592 1424
592 1018
592 1079
592 2473
592 643
593 2670
594 1116
594 1475
595 2196
595 664
596 2177
596 1017
596 1257
597 1915
597 645
597 993
598 1629
598 1105
599 1004
599 1108
599 767
599 2139
599 1300
599 870
599 1865
599 1822
599 969
599 638
599 1298
599 846
599 1824
599 1637
599 1302
599 1871
599 1474
599 1574
599 1876
599 1101
599 2708
600 1272
600 1094
601 2395
602 2230
604 2046
604 717
604 1249
604 796
604 1822
604 1874
605 1915
605 1653
605 1352
605 2110
606 1108
606 2535
607 2231
607 2361
607 1667
607 2362
608 1214
608 1665
609 1624
609 2081
610 1359
610 2447
610 884
610 1042
610 2448
610 2449
611 2288
611 2289
611 827
611 2482
612 2691
613 2236
614 1359
615 1476
615 2471
615 889
616 2444
617 1359
617 2366
617 1740
617 2504
618 2035
618 706
619 939
621 2535
621 924
622 2019
622 1333
622 1979
623 1952
623 1953
623 1003
623 887
624 2465
624 2290
625 1043
625 1233
626 1025
627 1359
627 2557
627 2559
628 2123
628 2239
628 2336
629 1765
629 1170
629 2547
629 1726
630 884
631 974
632 2359
633 1431
634 1702
634 1867
635 2228
636 2059
637 2234
638 1642
639 784
639 1774
639 2388
639 894
639 809
639 925
640 901
641 2421
641 895
641 766
641 1091
641 1599
642 2705
643 2473
644 1539
644 1168
644 2408
645 712
645 729
645 2178
645 1259
646 1359
646 1825
646 1899
646 1900
646 1268
646 1901
646 1496
646 951
646 1896
646 892
646 1902
646 1827
648 1268
648 905
648 1361
649 1442
650 1172
650 1458
651 1251
651 1487
651 1558
651 1686
651 1757
651 820
651 2084
652 2024
652 1985
652 886
652 2025
652 1668
652 2157
654 1232
656 2081
657 2091
658 1255
658 1741
658 1230
658 2441
658 2523
658 2443
658 868
658 872
658 2524
658 1730
659 2148
660 1804
661 1624
662 1354
662 1879
662 1029
662 936
662 1880
662 1881
662 831
662 1882
662 808
662 1046
662 1883
662 1884
662 1885
662 1886
663 933
664 2196
665 1702
666 2121
666 2123
667 1974
667 1851
668 2365
668 2473
670 730
670 1087
670 1125
671 2607
672 2026
672 974
673 2457
674 1987
674 1908
675 1908
676 2357
677 1956
677 2236
678 955
679 734
680 1396
681 2200
682 1987
682 1446
682 1447
682 1172
683 1225
683 974
684 2170
684 835
685 1359
685 1283
687 1359
687 2367
688 1359
688 1172
688 1711
688 1034
688 1587
688 1611
688 1726
688 2360
688 1547
688 2373
688 1722
689 1258
690 1359
690 1318
690 1170
690 1722
690 1293
692 2035
692 2131
693 2630
694 2109
694 764
694 1852
695 1479
695 2517
696 1337
696 1682
696 1683
696 1999
696 2320
696 1013
696 1791
696 949
697 1571
698 1081
699 1016
700 1702
700 2046
700 2328
701 1692
702 736
702 740
702 2063
703 778
703 994
703 1638
703 2102
703 1369
703 823
703 780
703 2070
703 2071
704 2498
704 1962
704 802
705 1484
705 970
705 2451
705 1744
705 1413
705 2114
707 1241
707 2239
707 964
707 806
707 2646
708 764
709 1359
709 2213
709 2217
709 837
710 1897
710 1904
711 2213
711 2214
711 1393
712 2112
712 1286
712 2113
712 2114
713 1465
713 851
713 2481
714 1045
715 1386
716 2292
717 1811
717 1822
717 2410
718 1908
719 1417
719 2060
719 2262
720 1624
720 1811
721 1442
722 1035
723 1274
723 1875
723 2501
723 1568
723 2502
724 2615
725 1345
725 2395
725 2396
726 1653
726 2072
726 1105
726 1138
727 2672
727 1534
728 1387
728 2571
729 1297
729 2389
729 2554
729 1071
730 1702
730 2535
730 1222
730 1160
732 902
732 2200
732 1280
732 2204
733 1757
733 2686
734 2036
734 1063
734 1266
734 2012
734 2302
734 2303
734 1330
734 760
734 1818
734 1295
734 1819
734 2304
734 1161
734 2305
734 2292
734 795
734 1683
734 2269
734 1193
734 2009
734 863
735 1842
735 2278
735 1007
735 2198
735 1389
735 965
735 737
735 2057
735 752
735 2203
736 1959
736 1882
736 2061
736 2062
736 2063
736 1238
736 740
736 1544
737 1842
737 1007
737 1632
737 2198
737 1389
737 965
737 752
737 2203
738 1975
738 1631
738 2137
738 2179
738 1270
739 1928
739 2163
739 1081
740 1959
740 1882
740 1544
740 1238
741 1003
741 2034
742 2094
742 1012
742 1089
742 1283
742 832
743 1484
743 1744
743 1621
744 1987
744 746
744 1240
744 1571
745 1359
745 1155
746 1987
746 1996
746 1128
746 2010
747 1304
747 2007
748 1539
749 1359
749 1104
749 1170
749 1618
749 1551
749 1733
749 1569
749 1375
749 1146
749 2554
750 2156
750 1334
751 1442
752 1205
752 2199
752 2203
753 958
753 2084
753 2452
754 1881
754 1270
755 1359
755 1484
755 2451
756 1899
756 2072
756 1278
757 2187
757 2188
757 1470
757 1473
757 1693
757 886
758 1359
758 2422
758 1285
759 1359
759 2493
759 1763
760 1704
761 2460
761 1514
761 2461
761 1427
761 986
762 1402
762 1444
763 2449
763 860
764 1636
765 1359
765 797
765 1613
765 1607
766 2368
766 1148
767 1298
767 1869
767 846
768 1702
768 874
768 2315
769 1567
769 1724
769 1725
770 1928
771 2118
771 1895
772 1081
772 1157
773 909
774 1073
774 1506
776 2076
777 1414
777 1543
779 1915
779 1225
779 1371
779 780
779 1920
780 1915
780 1974
780 1225
780 1371
780 1593
780 1920
781 2342
782 2403
784 1062
784 2377
784 894
784 1144
785 1702
785 961
786 1665
787 948
789 1953
789 2206
789 1032
789 2042
789 2034
790 1704
790 1241
791 1811
791 1549
792 2035
792 2131
793 1559
793 2556
793 1987
793 1489
794 1897
794 1903
794 1904
794 2593
795 1161
795 1591
795 864
796 1811
796 1646
797 1359
797 1104
797 1318
798 1359
798 801
798 1834
798 2360
799 1382
799 1794
799 1795
799 1796
800 962
801 890
801 821
801 1835
802 1471
802 1962
802 2517
803 1308
804 2101
805 1308
806 2237
806 964
807 1384
808 1956
808 1227
808 1957
809 2384
809 1786
809 925
810 2230
810 2229
810 1116
811 1069
812 901
812 856
813 1414
813 1543
813 1301
814 2377
815 1159
815 2383
815 894
815 2384
816 2019
816 1345
816 1175
816 2018
817 2406
817 2283
817 1843
817 1981
818 2457
818 1737
818 1764
819 2000
820 1359
820 1607
821 890
823 1974
824 1359
824 1170
824 1766
824 2222
825 1832
826 1766
827 2288
827 2529
828 2000
828 1922
828 1040
829 1796
829 2465
830 1817
831 1915
831 2101
832 1359
832 1639
832 2094
832 1012
832 1734
833 2601
834 2037
834 2496
834 1642
834 2596
834 1679
834 1131
835 2169
835 877
836 1811
836 1122
836 1135
836 1655
837 1573
837 1014
837 2079
837 1132
837 1344
837 2404
838 1423
838 2671
838 2249
839 869
839 1132
839 2281
840 2278
840 966
841 2482
841 1904
842 2035
843 2017
844 2340
844 2543
845 1903
847 2147
848 2190
848 2423
849 1374
849 986
850 2352
850 1994
851 1465
851 2279
852 2019
852 1310
853 1801
854 1359
854 1170
854 1763
855 858
855 936
855 1098
855 1885
856 2494
857 2249
857 1391
858 1247
858 1098
859 2183
859 2503
860 2097
860 1031
860 1200
861 1428
861 1528
861 1759
862 2331
862 2069
862 1398
864 1161
864 1591
865 2211
865 1066
866 2654
867 1050
868 1230
868 2440
868 2441
868 2523
868 1253
868 2443
868 872
868 2524
869 989
869 1342
869 1196
869 2277
869 1845
869 2100
869 1527
870 1702
870 1441
870 1865
871 1120
871 2127
872 1230
872 2531
872 2653
873 1414
873 1543
873 1341
874 1359
874 2314
874 1480
874 1709
875 1702
876 1946
876 1951
876 1943
876 915
877 1359
877 2169
877 2585
878 1414
878 1543
878 1178
878 1177
878 1936
878 1301
879 2327
879 886
880 1559
881 1014
881 974
882 1200
882 1156
883 1359
884 934
886 1040
886 2387
886 2025
887 1401
888 1624
888 1625
888 911
889 1476
889 1557
890 1831
890 1832
890 1833
891 1270
891 1315
892 2609
892 1675
893 1951
894 912
894 1052
894 2384
895 2368
895 1846
896 1188
896 1297
896 1914
898 1411
898 1984
898 1908
898 1157
898 1153
898 1495
898 2296
899 1836
899 1837
899 2161
900 1859
900 1987
900 1056
902 2187
902 1043
902 2200
902 2074
902 1280
903 1359
903 1285
903 1605
904 2031
904 2032
905 1361
905 1960
905 1313
906 1484
906 1283
906 1621
907 2352
907 2354
908 1352
908 1917
909 1014
911 1624
911 2086
912 2377
912 1535
912 1052
913 2131
916 1741
916 1036
916 2598
916 2416
917 1027
918 2640
919 1543
919 2066
919 1099
920 1359
921 1894
922 1915
922 2135
922 2294
923 1308
923 1407
925 2384
926 1223
927 1863
928 2141
928 1317
929 2064
929 1327
930 1359
930 2628
931 2570
932 1434
934 1039
935 2357
936 974
936 1874
937 1068
937 2531
937 2516
937 2642
938 2097
938 1181
938 1305
939 2231
939 2028
940 2174
941 1830
942 2518
943 1953
943 1925
944 1197
945 2139
946 1073
946 1912
946 2389
946 1513
947 1967
947 2624
949 1396
949 1682
949 1683
952 1359
953 2547
954 2566
954 2567
954 2568
955 1113
956 1915
956 1483
957 2678
958 1359
958 1155
958 1558
958 1686
958 1758
958 2168
958 2084
959 1073
959 1799
960 2530
961 1777
961 2651
962 2556
962 1729
962 2600
963 1807
963 1063
963 1666
963 1808
963 1809
963 1810
963 1811
964 1142
964 2400
964 2401
964 1786
964 1418
964 2241
964 2402
964 1704
964 1158
964 1095
964 1444
964 2435
965 1389
965 966
965 2199
966 2198
966 1694
968 2660
969 1987
969 1604
970 1484
970 1736
970 2451
970 1744
971 1359
971 2366
972 1651
973 2248
973 1001
973 2580
973 2581
974 1073
974 2154
974 2020
974 1584
974 1143
974 2017
975 1497
976 2098
977 999
977 1432
978 1282
979 1359
979 999
980 1304
980 2208
980 1504
980 1958
980 1840
981 1624
981 1368
982 1222
982 1160
983 2176
983 2177
983 1459
983 1092
983 1257
984 2131
985 1069
985 2266
986 1359
986 1150
986 1074
987 2698
988 1176
990 2286
990 1646
990 1508
990 2437
991 1543
991 1055
994 2156
995 2310
995 1330
995 1220
996 1310
996 2386
996 1913
997 2249
997 2519
997 1258
997 1136
998 1838
999 1104
999 2366
999 1432
999 1285
1000 1359
1001 2544
1001 1326
1002 2663
1003 2035
1003 1953
1003 2034
1004 1688
1004 2608
1004 1374
1005 1811
1005 1490
1006 1542
1007 1303
1008 1743
1008 1155
1008 2467
1009 1417
1009 2060
1009 1923
1009 2576
1010 2097
1011 1967
1013 1337
1013 1682
1013 1683
1013 1798
1014 1841
1014 1842
1014 1843
1014 1844
1014 1522
1014 1404
1014 1294
1014 1845
1014 1730
1014 1846
1014 1584
1014 1121
1014 1626
1014 1645
1014 1847
1014 1676
1014 1848
1014 1849
1014 1850
1014 1465
1014 1851
1014 1852
1014 1662
1014 2046
1015 1559
1016 1386
1016 1069
1016 1619
1016 1426
1016 2263
1016 1789
1016 1790
1016 1453
1016 1520
1016 1144
1016 2264
1016 1482
1017 2177
1017 1257
1018 1476
1018 2473
1019 2379
1020 1458
1021 2076
1021 2078
1021 2668
1022 2310
1023 1962
1023 1169
1023 1963
1023 1277
1023 1964
1024 1702
1024 1987
1024 2569
1026 1043
1027 2035
1027 1304
1027 2532
1028 2395
1030 2167
1032 1953
1034 2169
1036 1741
1036 1834
1036 1487
1036 1802
1036 1434
1037 2563
1038 2655
1038 2448
1039 1359
1039 2504
1041 1359
1041 1318
1041 1170
1041 1766
1042 1359
1042 1244
1042 1467
1042 2391
1042 2449
1043 1629
1043 1199
1043 1119
1043 2074
1043 1048
1043 2056
1043 2199
1043 1126
1043 1518
1043 1926
1043 2052
1043 1927
1043 2053
1043 1482
1043 2055
1043 2334
1044 2310
1046 1774
1046 1572
1047 2337
1047 2588
1047 2388
1047 1511
1048 2334
1048 1589
1050 1895
1050 2611
1050 1433
1051 1635
1051 2564
1051 1570
1051 1231
1051 1082
1051 2565
1051 1381
1051 1343
1051 1321
1052 2123
1052 2384
1053 1702
1054 1406
1055 1951
1055 1578
1055 1100
1055 1606
1055 1433
1056 1578
1057 2483
1058 2410
1059 1196
1060 1601
1061 1442
1062 1197
1062 2377
1063 1811
1063 1193
1064 1519
1065 2352
1065 2353
1066 1700
1066 2212
1066 1097
1067 1575
1068 1831
1068 2308
1068 2449
1068 1217
1071 1359
1071 1168
1071 1830
1071 1471
1071 1073
1071 1726
1072 2249
1072 2672
1072 1258
1072 1136
1073 1359
1073 1798
1073 1484
1073 1799
1073 1800
1073 1479
1073 1506
1073 1263
1073 1801
1073 1734
1073 1802
1073 1803
1073 1804
1073 1741
1073 1805
1073 1806
1073 1785
1073 1726
1074 2164
1075 1502
1075 1676
1075 1677
1076 1702
1076 1125
1078 1484
1078 2451
1078 2114
1080 1915
1080 1219
1081 2163
1081 2345
1082 2564
1083 1535
1083 2387
1084 2115
1084 1233
1084 1451
1085 1214
1086 2395
1086 1422
1086 2110
1086 2111
1087 2248
1087 2580
1087 1125
1088 2435
1089 1090
1090 2087
1090 1553
1091 2368
1091 1272
1091 1094
1091 1148
1091 1599
1092 2177
1092 1257
1093 1172
1093 2502
1093 1107
1094 2368
1094 1272
1094 1599
1095 1370
1095 1444
1095 1654
1096 1811
1096 1987
1096 1326
1096 2614
1097 1634
1098 1116
1098 1870
1099 2067
1099 2068
1099 1478
1100 1578
1100 1608
1101 1702
1102 2147
1102 2149
1102 1243
1103 2465
1103 2291
1103 1208
1103 2466
1104 1359
1104 1124
1104 1719
1104 1481
1104 1887
1104 1521
1104 1888
1104 1889
1104 1749
1104 1285
1104 1761
1105 2265
1107 1875
1107 2502
1108 1811
1108 2244
1108 2380
1110 2672
1110 1534
1110 2675
1110 2676
1111 2026
1111 1225
1111 2296
1111 1121
1112 1120
1112 2127
1112 1274
1112 2130
1112 2126
1114 1651
1115 1718
1115 2561
1116 2277
1116 1530
1117 1224
1118 1629
1118 2500
1119 1417
1119 2156
1120 2125
1120 2129
1120 2126
1120 1664
1120 1236
1120 1463
1120 2130
1120 2128
1120 2127
1120 1274
1120 1698
1121 2026
1121 2195
1121 1584
1122 1811
1122 1411
1122 2137
1122 1132
1122 1656
1124 1359
1126 2333
1127 1824
1128 1987
1128 1584
1129 1442
1129 1955
1129 2276
1130 1519
1130 2352
1130 2353
1130 2354
1131 2496
1132 1225
1132 1539
1132 2281
1132 1501
1132 2282
1132 1931
1132 1216
1132 1134
1132 2186
1132 1656
1132 2283
1132 1910
1132 2284
1132 2156
1134 1539
1134 1501
1134 2186
1135 2297
1136 2672
1136 1258
1136 2679
1136 2519
1136 2249
1137 2360
1137 2555
1137 1190
1139 2249
1139 2251
1140 1629
1140 2055
1140 2183
1142 2295
1143 2327
1144 2263
1144 2156
1144 2377
1144 1619
1145 1624
1145 1246
1146 1359
1146 1170
1147 1506
1147 1507
1147 2255
1148 2368
1148 2372
1148 1599
1148 1866
1149 1318
1149 2222
1149 2221
1149 1748
1150 1359
1150 1987
1150 1895
1151 1244
1152 2701
1152 2571
1153 1928
1153 2156
1153 2417
1154 1402
1155 1359
1155 2515
1155 1715
1155 1716
1155 2516
1155 1743
1156 1230
1158 2241
1158 2464
1159 1636
1159 2252
1159 2253
1159 2383
1160 2535
1161 2269
1163 1511
1164 1403
1164 2133
1165 1288
1166 1594
1167 1987
1167 2583
1169 1956
1170 1715
1170 2221
1170 1720
1170 1721
1170 1732
1170 1735
1170 1738
1170 1359
1170 2493
1170 2477
1171 1477
1172 1856
1172 1356
1172 2360
1172 1910
1172 1296
1174 1251
1175 2395
1175 1913
1176 2360
1177 1543
1177 1936
1178 1543
1178 1936
1179 1985
1179 2351
1179 1909
1179 1530
1180 1956
1181 1305
1183 1184
1183 1580
1184 1825
1184 1826
1184 1355
1184 1580
1185 2101
1185 1191
1186 1993
1186 2359
1186 2590
1186 2591
1186 2350
1186 1461
1187 2536
1187 2575
1188 1189
1190 1359
1190 2360
1191 1388
1192 2242
1192 1559
1192 2340
1193 1622
1194 1706
1195 2671
1195 1367
1197 1625
1197 1368
1197 2301
1198 1999
1198 1792
1200 1215
1200 1567
1200 1717
1200 1600
1201 2208
1201 1503
1201 2415
1202 2534
1202 2215
1203 2377
1203 1429
1203 2337
1203 2525
1203 1511
1204 1411
1204 1843
1204 1216
1204 2156
1205 1331
1205 1839
1205 1840
1205 1603
1206 1359
1206 1762
1207 2672
1207 1258
1208 2465
1208 2291
1210 1359
1210 1738
1211 1649
1213 1702
1214 1291
1215 1717
1215 1500
1215 1746
1216 1895
1217 2447
1217 2504
1219 1928
1219 2117
1222 1950
1222 1608
1222 1578
1223 1225
1225 2152
1225 1526
1225 1342
1225 1661
1225 2153
1225 2154
1225 1588
1225 2155
1225 1371
1225 2156
1225 1733
1225 1584
1225 1920
1225 1292
1225 1527
1225 1849
1225 1976
1225 2157
1225 1852
1226 1451
1226 2580
1227 1956
1227 2529
1227 1957
1228 1270
1229 2581
1229 1537
1230 1359
1230 2440
1230 2441
1230 2442
1230 1309
1230 1628
1230 1507
1230 1255
1230 2443
1230 1750
1230 1385
1231 1343
1234 2434
1235 1704
1235 1703
1235 1967
1236 2127
1236 1463
1236 2578
1237 2480
1238 1959
1239 1359
1240 2612
1240 2028
1241 2238
1241 1703
1241 1444
1242 1702
1242 1951
1243 2147
1243 2149
1244 1359
1246 2081
1246 1771
1248 1680
1249 2046
1249 1652
1250 1484
1250 2557
1250 2559
1251 2508
1252 1624
1252 1449
1253 2657
1255 1309
1256 2249
1257 2177
1257 1762
1257 2176
1258 2249
1258 2678
1258 2679
1258 2519
1258 2672
1258 2674
1258 2680
1258 2539
1258 2250
1260 2343
1261 2251
1261 1560
1262 2131
1263 1510
1264 1408
1265 1532
1266 2292
1267 1985
1267 1530
1268 1825
1269 1930
1269 2310
1270 2228
1270 1881
1270 1631
1270 1315
1271 2035
1271 1623
1272 2368
1273 1946
1273 1951
1273 1948
1274 2127
1274 2126
1274 2130
1274 2035
1274 2125
1276 1469
1277 1963
1279 2306
1279 2269
1279 2307
1280 2204
1280 2187
1281 2613
1282 1359
1282 1747
1282 1749
1283 1484
1283 1777
1283 1736
1283 1284
1283 2325
1284 1777
1284 2325
1285 1359
1285 2451
1285 1605
1286 2183
1288 1359
1289 1310
1290 1706
1290 1623
1291 2259
1292 1661
1292 2155
1293 1359
1293 1318
1294 2419
1296 1988
1297 1911
1297 1912
1297 1913
1297 1914
1299 2704
1300 1811
1300 1702
1301 1543
1301 2509
1301 1942
1301 1941
1301 1934
1302 1543
1302 2141
1302 1317
1302 1316
1304 2164
1306 1359
1307 1318
1308 2537
1308 1445
1309 1628
1310 1678
1310 2103
1310 2104
1310 1339
1310 1883
1310 1626
1310 1742
1310 2016
1310 2179
1311 2693
1312 2081
1312 1313
1312 1314
1313 1314
1314 2408
1317 1680
1318 2221
1318 1720
1318 1721
1318 1740
1318 2222
1319 2662
1319 2663
1320 2035
1321 1492
1321 1350
1321 2685
1322 2502
1323 2266
1324 1702
1325 2036
1325 2266
1326 2248
1326 2064
1327 2064
1328 2162
1328 1329
1329 2161
1331 1838
1331 2069
1332 1811
1332 1577
1333 2025
1334 1974
1334 2313
1334 2196
1335 1702
1335 1543
1335 1951
1335 1578
1335 1942
1336 1857
1336 2088
1336 2091
1337 2033
1337 1798
1337 2034
1337 1453
1337 2035
1338 1702
1338 2046
1339 2386
1339 1913
1340 1359
1340 1754
1341 1414
1341 1543
1341 1944
1342 2426
1344 2317
1344 2166
1344 1646
1344 1508
1345 1929
1345 2316
1347 1671
1348 1998
1349 1811
1349 2164
1349 2606
1350 1635
1350 2685
1351 1444
1352 2135
1352 1593
1352 1363
1352 1973
1352 2283
1352 1536
1355 2271
1356 1958
1357 1614
1358 2026
1358 2171
1359 1709
1359 1710
1359 1711
1359 1712
1359 1713
1359 1445
1359 1714
1359 1563
1359 1715
1359 1716
1359 1717
1359 1718
1359 1719
1359 1517
1359 1647
1359 1481
1359 1720
1359 1566
1359 1721
1359 1484
1359 1500
1359 1621
1359 1722
1359 1723
1359 1551
1359 1724
1359 1725
1359 1726
1359 1727
1359 1728
1359 1729
1359 1730
1359 1731
1359 1732
1359 1733
1359 1734
1359 1735
1359 1736
1359 1737
1359 1738
1359 1739
1359 1740
1359 1741
1359 1569
1359 1742
1359 1547
1359 1743
1359 1744
1359 1745
1359 1746
1359 1747
1359 1493
1359 1748
1359 1749
1359 1472
1359 1750
1359 1751
1359 1600
1359 1390
1359 1752
1359 1385
1359 1753
1359 1754
1359 1755
1359 1756
1359 1757
1359 1758
1359 1759
1359 1760
1359 1605
1359 1761
1359 1762
1359 1763
1359 1764
1359 1765
1359 1766
1359 1767
1359 2598
1360 1915
1360 2279
1360 1465
1360 2481
1361 1903
1361 1961
1361 1651
1361 1905
1361 2492
1362 1529
1363 1915
1363 1373
1364 1414
1366 1704
1366 1703
1366 2510
1366 2520
1367 2249
1368 2144
1368 1657
1368 1585
1368 1779
1368 2081
1369 2554
1369 1912
1370 1654
1370 1531
1371 1526
1371 2275
1371 1920
1371 1976
1371 2486
1372 1394
1376 2587
1377 1849
1377 2233
1378 1841
1378 2069
1378 2070
1378 2071
1378 2389
1379 2059
1379 2151
1379 1545
1380 2565
1380 1381
1381 2565
1382 1795
1383 1503
1383 2177
1383 2284
1386 2336
1387 2571
1387 2572
1389 2198
1389 2182
1390 2598
1391 2682
1392 1694
1393 2213
1395 2138
1396 2073
1396 2267
1396 2190
1396 2268
1397 2395
1397 1400
1397 2396
1397 2229
1397 1422
1397 2110
1399 1529
1400 2228
1400 2310
1400 2395
1400 1502
1401 2699
1402 1586
1403 1617
1403 1920
1403 1483
1403 1973
1404 2318
1405 2376
1406 1895
1406 1509
1407 2388
1409 1830
1409 1827
1409 1554
1409 1829
1410 1554
1410 1829
1410 1827
1410 1828
1411 1656
1412 2219
1413 1484
1413 1736
1413 2451
1413 1744
1414 1932
1414 1933
1414 1934
1414 1935
1414 1936
1414 1937
1414 1543
1415 1416
1415 2271
1416 2270
1417 1922
1417 1923
1417 1924
1417 1925
1417 1926
1417 1927
1417 1469
1417 1603
1418 1704
1418 2351
1418 1530
1418 1453
1418 2261
1420 2260
1420 2261
1421 2395
1421 2397
1421 1422
1422 1976
1422 2395
1422 2111
1422 2110
1424 1693
1425 1814
1425 1622
1426 1619
1427 1752
1428 1743
1428 2447
1428 1726
1429 2377
1429 1430
1429 2521
1429 2337
1429 2525
1429 1535
1430 2521
1430 1535
1431 1719
1433 1951
1433 2664
1434 2360
1435 1987
1436 1928
1436 2060
1436 2072
1437 2260
1438 1689
1439 2665
1440 2677
1441 1702
1442 2272
1442 2273
1442 1620
1442 1708
1442 1701
1442 2274
1442 2275
1442 1955
1442 1958
1442 1959
1442 2276
1443 2463
1444 2646
1444 2400
1444 2241
1445 2324
1446 1447
1448 1929
1449 2035
1449 2046
1450 2682
1452 2565
1454 1702
1454 1987
1456 1538
1457 1458
1460 2219
1460 2081
1461 2359
1461 2350
1462 2249
1462 1635
1463 1612
1463 1664
1464 2132
1464 2133
1464 1696
1464 2134
1465 1915
1465 1483
1465 1684
1466 1800
1466 1489
1468 2173
1470 1693
1470 2350
1470 1499
1470 2347
1470 2359
1470 2591
1471 1825
1471 1954
1471 1556
1471 2554
1472 1647
1473 2188
1473 1693
1474 2708
1474 2707
1475 2262
1475 2336
1475 1909
1476 2470
1476 2471
1478 1543
1478 2067
1478 2068
1479 1903
1480 1702
1480 1895
1482 2336
1482 2333
1482 1670
1483 1974
1483 2133
1484 2209
1484 1621
1484 1727
1484 1736
1484 1744
1484 2114
1484 2084
1485 2384
1485 2499
1485 2521
1486 1915
1487 1746
1488 1850
1488 2018
1488 2138
1488 1502
1489 2602
1491 2328
1491 2086
1493 1766
1498 2035
1499 2026
1499 2350
1499 2591
1500 1777
1501 1539
1501 2186
1502 2396
1502 1677
1502 2229
1503 2164
1503 1504
1504 2242
1504 2244
1505 2210
1505 1648
1506 1625
1506 2087
1506 1700
1506 1802
1506 1789
1506 1553
1506 2108
1508 1646
1508 2437
1509 2118
1509 1895
1511 2388
1512 1520
1513 2024
1513 2146
1514 1831
1515 1693
1516 2183
1516 2235
1517 2613
1520 2336
1520 2109
1520 1535
1520 2641
1521 1766
1521 1751
1523 1698
1523 2681
1524 2450
1525 1694
1525 2500
1526 1915
1526 1974
1527 1880
1527 1978
1527 2100
1527 1982
1527 2426
1528 1669
1528 2451
1528 2275
1530 1985
1530 2351
1530 1909
1531 2465
1531 2241
1532 1890
1533 2649
1534 2672
1536 2156
1536 2294
1536 1917
1537 2581
1537 2703
1539 1843
1539 2186
1540 1915
1541 1629
1541 2055
1543 1940
1543 1941
1543 1932
1543 1942
1543 1608
1543 1943
1543 1936
1543 1944
1543 1937
1543 1578
1544 2030
1544 1882
1546 2249
1547 2170
1547 1805
1548 2170
1550 1902
1550 2287
1551 2084
1553 2592
1553 1779
1554 1828
1555 1658
1555 2688
1555 2687
1555 2689
1556 2364
1556 1954
1558 2169
1558 2084
1559 2339
1559 2340
1559 1987
1559 2341
1561 1624
1562 1624
1563 1766
1564 2634
1565 1773
1565 1787
1566 2366
1567 1896
1567 2072
1567 1733
1568 1875
1568 2501
1568 1655
1569 1730
1570 1967
1573 1777
1574 2699
1575 1987
1577 1811
1579 2498
1580 2030
1581 2200
1581 2201
1581 1893
1582 1811
1582 1820
1584 2026
1584 1996
1585 1799
1586 1654
1587 2169
1588 2155
1589 2334
1589 2056
1590 2597
1590 1746
1592 2542
1593 1915
1593 2072
1593 2486
1596 2247
1597 2477
1599 2368
1600 2615
1600 2461
1600 2442
1602 1751
1603 2073
1603 2074
1603 2075
1603 2055
1606 1951
1606 2664
1609 2125
1609 2127
1609 2490
1610 1791
1610 1792
1610 1913
1611 2557
1611 2558
1611 2559
1612 2125
1615 2035
1615 1672
1616 1666
1617 2051
1617 1850
1619 1790
1620 2270
1621 2451
1623 2426
1624 1768
1624 1769
1624 1770
1624 1771
1624 1772
1624 1773
1624 1774
1624 1775
1624 1776
1624 1777
1624 1778
1624 1779
1624 1780
1624 1781
1624 1782
1624 1783
1624 1784
1624 1785
1625 1786
1625 1787
1625 1706
1625 1788
1625 1778
1625 1789
1625 1779
1625 1780
1625 1781
1626 1730
1628 1741
1629 2054
1629 1636
1629 2055
1629 2056
1629 2057
1629 2058
1629 2022
1629 2173
1630 1712
1630 1660
1631 2228
1632 2197
1633 1757
1635 2394
1636 2384
1637 1702
1637 2140
1637 2142
1638 1974
1640 1689
1640 2680
1642 2496
1643 2658
1643 2659
1648 2161
1648 2210
1652 2046
1653 1973
1653 1849
1655 2035
1655 1953
1656 1843
1656 2296
1656 2137
1656 2385
1656 1895
1656 1840
1656 2283
1657 1799
1658 2687
1658 2689
1659 2019
1661 2155
1662 1852
1663 1667
1663 2382
1663 2399
1664 2578
1665 2148
1666 1702
1666 2035
1667 2382
1670 2333
1670 1893
1672 1930
1672 1969
1672 2137
1672 2138
1674 2661
1675 1915
1675 2609
1676 1915
1676 1677
1677 1915
1677 1976
1678 1909
1679 1747
1680 2141
1681 2057
1681 2577
1682 2319
1682 2320
1682 2321
1683 2322
1683 2190
1683 2292
1683 2320
1683 2321
1684 1974
1684 2133
1685 2487
1685 2514
1686 2084
1687 2648
1688 1722
1689 2672
1691 2113
1693 2346
1693 2187
1693 2303
1693 2347
1693 2188
1693 2348
1693 2349
1693 2350
1694 2409
1696 2134
1697 1714
1698 1987
1698 2254
1699 2161
1702 1853
1702 1854
1702 1855
1702 1856
1702 1857
1702 1858
1702 1859
1702 1860
1702 1861
1702 1862
1702 1863
1702 1800
1702 1864
1702 1865
1702 1821
1702 1866
1702 1867
1702 1847
1702 1868
1702 1869
1702 1870
1702 1871
1702 1872
1702 1873
1702 1874
1702 1875
1702 1876
1702 1877
1702 1878
1703 1704
1703 1971
1703 1972
1703 1967
1703 2239
1704 1968
1704 1907
1704 1969
1704 1970
1704 1971
1704 1972
1704 1967
1704 2239
1705 1987
1705 1913
1705 2078
1706 2082
1706 2323
1707 2586
1709 1858
1709 2314
1709 2315
1710 1987
1710 2366
1710 1739
1710 1740
1711 2445
1712 1766
1712 1731
1712 1732
1713 2447
1713 1726
1714 1899
1715 1728
1717 2447
1718 2561
1718 1732
1719 2686
1720 1766
1721 1766
1722 2477
1722 1762
1724 1725
1725 2217
1725 2216
1726 2414
1726 2597
1726 1735
1726 1741
1726 1746
1726 2335
1726 2598
1727 2169
1729 2258
1729 2556
1729 2600
1732 1756
1735 2598
1736 1777
1736 2325
1737 1764
1738 2617
1738 1889
1739 2366
1739 2367
1740 1887
1740 1751
1740 2222
1740 1767
1741 2390
1741 2391
1741 2392
1741 2393
1741 1805
1742 2594
1743 2444
1743 2308
1743 2445
1743 1750
1743 2446
1743 1759
1744 2451
1744 2114
1745 1766
1746 2597
1750 2447
1751 1766
1751 1767
1752 2597
1753 1755
1756 1766
1757 2643
1758 2452
1759 2467
1762 2176
1766 2493
1768 1784
1769 1838
1769 2326
1771 2081
1772 1779
1773 2046
1773 1783
1774 1790
1774 1781
1777 2046
1777 2079
1777 2325
1778 2144
1779 2328
1780 2319
1782 1999
1782 2108
1783 1799
1783 2327
1785 2046
1785 2097
1788 1811
1788 2046
1788 2144
1792 2046
1793 2486
1795 1797
1795 1796
1796 1797
1796 2300
1796 2465
1797 2298
1798 2089
1802 2452
1802 2204
1803 2080
1805 2452
1807 1810
1808 2035
1809 1811
1810 1811
1811 1812
1811 1813
1811 1814
1811 1815
1811 1816
1811 1817
1811 1818
1811 1819
1811 1820
1811 1821
1811 1822
1811 1823
1811 1824
1811 1870
1812 1823
1813 1987
1813 2035
1813 2551
1816 1951
1819 2306
1819 2307
1820 1949
1821 1874
1825 1826
1825 1827
1827 1828
1827 1830
1828 1829
1830 1903
1831 2046
1834 1835
1835 2360
1836 2158
1836 2161
1839 2183
1839 2220
1840 2425
1840 2454
1841 2072
1842 2057
1843 2406
1843 2282
1843 1980
1843 1981
1845 2277
1847 2118
1847 1868
1847 2358
1849 1910
1849 2420
1850 1915
1852 2486
1853 2046
1857 2046
1857 2097
1860 1987
1863 2583
1868 2118
1870 2310
1871 1987
1874 1987
1875 2501
1875 2502
1876 1987
1877 1987
1878 2574
1879 2257
1882 1959
1885 1959
1885 1886
1886 2645
1888 1889
1890 1891
1890 1892
1890 1893
1890 1894
1890 2035
1890 2131
1890 2040
1891 2131
1892 2035
1892 2131
1895 2035
1895 2118
1895 2119
1897 1898
1898 1904
1900 1903
1900 2492
1900 2511
1901 2609
1902 1955
1902 2285
1902 2287
1903 1904
1903 1905
1904 2270
1904 1961
1904 2593
1905 1961
1906 1915
1907 1965
1907 2060
1907 1908
1910 2306
1912 2554
1913 2405
1913 2103
1913 2104
1915 1916
1915 1917
1915 1918
1915 1919
1915 1920
1915 1921
1915 2389
1916 2650
1918 2458
1921 1927
1921 2311
1921 2423
1921 2654
1924 1928
1925 1928
1926 2621
1927 2052
1927 2053
1927 2190
1928 1929
1928 1930
1928 1931
1929 2318
1929 2476
1930 2035
1933 1937
1938 1939
1942 2509
1945 1946
1945 1947
1945 1951
1946 1948
1946 1947
1947 1951
1948 1951
1949 1951
1952 1953
1952 2205
1952 2207
1953 2205
1953 2206
1953 2207
1955 1956
1955 1957
1955 1958
1955 1959
1955 2276
1956 2236
1956 1957
1958 2242
1958 2631
1960 2622
1961 2492
1963 1964
1965 1966
1965 1967
1967 1972
1969 2035
1970 2237
1970 2239
1974 1975
1974 1976
1974 1977
1976 2110
1976 2111
1980 2179
1980 2406
1980 1981
1981 2406
1984 2035
1987 1988
1987 1989
1987 1990
1987 1991
1987 1992
1987 1993
1987 1994
1987 1995
1987 1996
1987 1997
1987 1998
1987 1999
1987 2000
1987 2001
1987 2002
1987 2003
1987 2004
1987 2005
1987 2006
1987 2007
1987 2008
1987 2009
1987 2010
1988 2510
1988 2005
1992 2326
1997 2064
1997 2065
1998 2413
1999 2327
2002 2336
2002 2379
2002 2045
2002 2349
2002 2380
2002 2381
2002 2122
2002 2003
2002 2004
2002 2124
2002 2382
2003 2380
2004 2124
2007 2478
2009 2302
2010 2026
2011 2017
2016 2072
2017 2072
2018 2468
2019 2020
2022 2419
2023 2191
2024 2218
2025 2179
2025 2157
2026 2027
2026 2028
2026 2029
2027 2046
2027 2097
2028 2361
2031 2113
2032 2437
2035 2036
2035 2037
2035 2038
2035 2039
2035 2040
2035 2041
2035 2042
2035 2043
2035 2131
2040 2043
2041 2123
2041 2121
2044 2407
2046 2047
2046 2048
2046 2049
2047 2049
2051 2486
2052 2365
2055 2134
2056 2199
2057 2312
2057 2577
2059 2151
2066 2067
2066 2068
2067 2123
2070 2071
2073 2183
2075 2182
2075 2278
2076 2077
2076 2078
2076 2092
2076 2668
2076 2669
2077 2078
2077 2668
2084 2169
2086 2090
2087 2095
2095 2107
2096 2330
2096 2146
2096 2505
2098 2099
2100 2426
2101 2102
2103 2386
2104 2386
2110 2111
2113 2437
2114 2451
2115 2589
2115 2510
2115 2520
2116 2118
2116 2520
2118 2119
2121 2638
2122 2123
2123 2124
2124 2381
2125 2126
2125 2127
2125 2128
2126 2127
2128 2131
2129 2130
2131 2250
2132 2183
2132 2134
2134 2183
2136 2283
2140 2141
2140 2142
2142 2143
2145 2146
2145 2330
2145 2505
2145 2332
2147 2148
2147 2149
2148 2487
2152 2424
2153 2386
2154 2156
2156 2294
2156 2295
2156 2296
2158 2159
2158 2160
2158 2161
2160 2161
2161 2162
2163 2164
2165 2218
2165 2283
2169 2170
2171 2172
2173 2183
2174 2175
2176 2177
2178 2368
2178 2372
2181 2184
2181 2183
2182 2197
2182 2198
2182 2203
2183 2232
2183 2233
2183 2199
2183 2234
2187 2200
2194 2195
2195 2196
2200 2201
2200 2202
2204 2512
2204 2331
2205 2522
2208 2242
2212 2357
2213 2217
2215 2217
2216 2217
2221 2222
2221 2526
2222 2508
2223 2225
2223 2226
2224 2225
2225 2227
2225 2226
2228 2229
2229 2395
2229 2396
2231 2297
2232 2293
2234 2292
2237 2238
2238 2239
2239 2240
2239 2241
2241 2400
2242 2243
2243 2540
2244 2245
2244 2246
2244 2247
2246 2247
2247 2248
2248 2510
2248 2544
2249 2250
2250 2519
2250 2672
2252 2253
2260 2336
2260 2338
2264 2491
2267 2268
2267 2365
2267 2322
2269 2292
2270 2271
2271 2376
2280 2467
2282 2406
2285 2286
2286 2287
2288 2289
2290 2465
2291 2465
2291 2497
2292 2293
2298 2299
2298 2300
2304 2542
2305 2386
2306 2307
2307 2553
2309 2560
2312 2577
2328 2329
2330 2331
2330 2332
2336 2337
2337 2525
2339 2556
2340 2341
2344 2345
2345 2476
2347 2350
2350 2359
2356 2357
2356 2358
2357 2358
2360 2373
2361 2579
2368 2369
2368 2370
2368 2371
2368 2372
2369 2371
2370 2371
2383 2384
2390 2452
2391 2452
2391 2392
2392 2452
2393 2452
2395 2396
2395 2397
2395 2398
2399 2494
2400 2435
2402 2435
2402 2436
2403 2404
2411 2412
2414 2415
2414 2416
2416 2598
2417 2418
2426 2427
2428 2429
2432 2433
2438 2439
2440 2531
2440 2653
2441 2531
2443 2531
2443 2615
2445 2504
2446 2504
2447 2448
2447 2449
2452 2453
2453 2686
2458 2459
2458 2650
2460 2690
2465 2466
2468 2469
2472 2494
2474 2649
2477 2652
2484 2485
2495 2496
2510 2520
2515 2516
2516 2531
2517 2518
2519 2539
2523 2657
2535 2536
2540 2541
2540 2633
2555 2690
2556 2600
2561 2562
2566 2567
2566 2568
2571 2573
2571 2574
2595 2681
2602 2610
2603 2604
2616 2697
2619 2620
2625 2702
2626 2627
2631 2700
2635 2636
2635 2637
2637 2694
2655 2656
2666 2667
2668 2669
2671 2680
2672 2673
2672 2674
2672 2675
2672 2676
2675 2676
2680 2683
2682 2684
2688 2689
2695 2696
2707 2708
